13.6250000003,15.0
14.4750000003,15.0
15.3750000003,15.0
16.7750000003,15.0
15.0250000014,20.0
13.9250000025,25.0
15.5500000025,25.0
16.4750000025,25.0
17.4000000025,25.0
18.8500000025,25.0
15.6000000036,30.0
16.5500000036,30.0
17.6000000036,30.0
15.8000000047,35.0
16.7250000047,35.0
18.0500000047,35.0
18.9750000047,35.0
20.7250000047,35.0
16.5750000036,40.0
18.4750000036,40.0
19.4500000036,40.0
20.3750000036,40.0
22.1750000036,40.0
16.2999999993,45.0
17.4249999993,45.0
18.5749999992,45.0
19.4499999992,45.0
20.2749999992,45.0
21.0499999992,45.0
21.9749999992,45.0
18.0499999949,50.0
19.8499999949,50.0
21.5749999948,50.0
17.2999999905,55.0
19.1249999905,55.0
20.7249999905,55.0
22.6999999904,55.0
19.3999999861,60.0
20.6249999861,60.0
21.6749999861,60.0
22.6499999861,60.0
23.6999999861,60.0
22.0249999817,65.0
23.4249999817,65.0
24.4999999817,65.0
21.4249999774,70.0
18.8749999687,80.0
18.7499999643,85.0
21.3749999643,85.0
19.8499999599,90.0
18.9249999556,95.0
22.0499999555,95.0
20.9249999468,105.0
21.8499999424,110.0
13.4999999251,130.0
14.5749999251,130.0
13.7499999207,135.0
15.1499999207,135.0
13.8249999164,140.0
15.2749999163,140.0
13.9749999318,145.0
15.4749999319,145.0
14.0499999492,150.0
15.5499999493,150.0
14.1749999667,155.0
15.8249999668,155.0
14.3499999842,160.0
15.9999999843,160.0
14.4500000017,165.0
16.2500000018,165.0
14.5250000191,170.0
16.5000000192,170.0
14.6500000366,175.0
16.8000000367,175.0
14.7750000541,180.0
17.6250000542,180.0
14.9500000715,185.0
15.075000089,190.0
15.1000001065,195.0
15.3000001239,200.0
15.4500001414,205.0
15.5500001589,210.0
15.6500001764,215.0
15.7250001938,220.0
15.8750002113,225.0
16.0000002288,230.0
16.1500002462,235.0
16.2250002637,240.0
16.4000002812,245.0
16.5250002986,250.0
16.6500003161,255.0
16.7500003336,260.0
16.875000351,265.0
17.0250003685,270.0
17.100000386,275.0
17.1750004034,280.0
17.3000004209,285.0
17.4500004384,290.0
17.6000004559,295.0
17.6500004733,300.0
17.7000004908,305.0
17.8500005083,310.0
17.9750005257,315.0
18.1000005432,320.0
18.2000005607,325.0
13.4999999999,10.25
14.5749999999,10.25
13.8000000003,15.25
14.6250000003,15.25
15.6750000003,15.25
15.0250000014,20.25
15.1000000025,25.25
16.0000000025,25.25
17.4500000025,25.25
15.6500000036,30.25
16.5500000036,30.25
17.4250000036,30.25
18.2500000036,30.25
19.4250000036,30.25
14.9000000047,35.25
16.7500000047,35.25
18.5250000047,35.25
19.9000000047,35.25
18.1500000036,40.25
19.3000000036,40.25
20.2000000036,40.25
21.7250000036,40.25
15.8499999993,45.25
16.7499999993,45.25
17.5499999993,45.25
18.3749999992,45.25
19.1749999992,45.25
19.8749999992,45.25
20.7499999992,45.25
22.1499999992,45.25
18.0749999949,50.25
19.6999999949,50.25
20.5749999948,50.25
21.5999999948,50.25
17.7249999905,55.25
19.6999999905,55.25
20.6249999905,55.25
21.4999999905,55.25
22.5499999905,55.25
19.5749999861,60.25
21.4999999861,60.25
24.0749999861,60.25
15.8499999818,65.25
19.2499999818,65.25
20.4749999817,65.25
21.7499999817,65.25
22.8499999817,65.25
21.0499999774,70.25
24.6499999773,70.25
18.6499999687,80.25
19.7749999687,80.25
19.6749999643,85.25
15.4249999513,100.25
19.9249999425,110.25
21.0749999425,110.25
16.6999999338,120.25
13.5249999251,130.25
14.5999999251,130.25
13.7499999207,135.25
15.1499999207,135.25
13.8499999164,140.25
15.2749999163,140.25
13.9749999318,145.25
15.4999999319,145.25
14.0499999492,150.25
15.5749999493,150.25
14.1499999667,155.25
15.7499999668,155.25
14.2249999842,160.25
15.8999999843,160.25
14.4250000017,165.25
16.2250000018,165.25
14.5500000191,170.25
16.6250000192,170.25
14.6250000366,175.25
16.8750000367,175.25
14.7250000541,180.25
17.0000000542,180.25
14.9000000715,185.25
15.075000089,190.25
15.1500001065,195.25
15.2750001239,200.25
15.4500001414,205.25
15.5000001589,210.25
15.7000001764,215.25
15.8250001938,220.25
15.8500002113,225.25
15.9500002288,230.25
16.1000002462,235.25
16.2500002637,240.25
16.3750002812,245.25
16.4500002986,250.25
16.6000003161,255.25
16.7500003336,260.25
16.800000351,265.25
16.9500003685,270.25
17.125000386,275.25
17.1750004034,280.25
17.3250004209,285.25
17.4500004384,290.25
17.5750004559,295.25
17.6000004733,300.25
17.7500004908,305.25
17.8500005083,310.25
17.9750005257,315.25
18.1000005432,320.25
18.1750005607,325.25
13.6249999999,10.5
14.9749999999,10.5
14.7750000003,15.5
17.2250000003,15.5
14.7750000014,20.5
17.2000000014,20.5
13.8750000025,25.5
15.5250000025,25.5
16.7750000025,25.5
15.1000000036,30.5
16.7000000036,30.5
18.1000000036,30.5
15.7250000047,35.5
17.5250000047,35.5
18.9500000047,35.5
17.0000000036,40.5
17.8750000036,40.5
19.2250000036,40.5
20.1500000036,40.5
21.8250000036,40.5
15.4249999993,45.5
16.4749999993,45.5
17.5749999993,45.5
18.5749999992,45.5
19.4749999992,45.5
20.3749999992,45.5
22.0499999992,45.5
16.6499999949,50.5
18.5749999949,50.5
19.5249999949,50.5
20.5749999948,50.5
21.5499999948,50.5
17.6749999905,55.5
18.6499999905,55.5
20.3499999905,55.5
21.3999999905,55.5
22.3749999905,55.5
19.0249999861,60.5
20.7749999861,60.5
22.9249999861,60.5
20.6249999817,65.5
16.6499999774,70.5
20.6999999774,70.5
23.6499999773,70.5
25.0999999773,70.5
26.6499999773,70.5
15.0749999687,80.5
18.0749999687,80.5
19.8749999687,80.5
18.6499999556,95.5
21.8499999555,95.5
16.6499999512,100.5
21.7249999512,100.5
20.9999999468,105.5
18.9999999337,120.5
20.1499999337,120.5
15.9749999294,125.5
13.7499999207,135.5
15.1499999207,135.5
13.8999999164,140.5
15.3249999163,140.5
13.9749999318,145.5
15.4749999319,145.5
14.0749999493,150.5
15.6249999493,150.5
14.1749999667,155.5
15.7499999668,155.5
14.2749999842,160.5
16.0249999843,160.5
14.4250000017,165.5
16.2500000018,165.5
14.5250000191,170.5
16.4500000192,170.5
14.6250000366,175.5
16.6750000367,175.5
14.8000000541,180.5
17.3500000542,180.5
14.9000000715,185.5
15.025000089,190.5
15.1500001065,195.5
15.3000001239,200.5
15.3750001414,205.5
15.5250001589,210.5
15.6750001764,215.5
15.8000001938,220.5
15.9500002113,225.5
16.0250002288,230.5
16.1750002462,235.5
16.2750002637,240.5
16.4000002812,245.5
16.5500002986,250.5
16.6500003161,255.5
16.7250003336,260.5
16.825000351,265.5
16.9750003685,270.5
17.100000386,275.5
17.1250004034,280.5
17.3000004209,285.5
17.4250004384,290.5
17.5250004559,295.5
17.6750004733,300.5
17.8000004908,305.5
17.8750005083,310.5
17.9750005257,315.5
18.1000005432,320.5
18.2000005607,325.5
13.4999999999,10.75
14.5749999999,10.75
14.7750000003,15.75
17.1250000003,15.75
14.9500000014,20.75
13.9000000025,25.75
14.7500000025,25.75
15.9250000025,25.75
16.7750000025,25.75
17.9500000025,25.75
15.9000000036,30.75
17.5750000036,30.75
19.0500000036,30.75
14.6250000047,35.75
15.5500000047,35.75
16.4250000047,35.75
17.3250000047,35.75
18.4250000047,35.75
19.4000000047,35.75
22.0750000047,35.75
15.7500000036,40.75
16.7000000036,40.75
18.4000000036,40.75
19.4000000036,40.75
20.3500000036,40.75
19.0999999992,45.75
20.6749999992,45.75
16.9749999949,50.75
17.9749999949,50.75
19.5249999949,50.75
20.4749999948,50.75
21.3499999948,50.75
22.1499999948,50.75
20.8749999905,55.75
21.7749999905,55.75
18.5749999861,60.75
20.5499999861,60.75
21.5249999861,60.75
22.4249999817,65.75
21.0999999774,70.75
22.0249999686,80.75
19.3499999643,85.75
19.9749999468,105.75
21.5499999468,105.75
16.5999999294,125.75
18.0749999294,125.75
13.5249999251,130.75
14.5999999251,130.75
13.6749999207,135.75
15.0499999207,135.75
13.7999999164,140.75
15.2249999163,140.75
13.9499999318,145.75
15.4499999319,145.75
14.0499999492,150.75
15.5999999493,150.75
14.1499999667,155.75
15.7749999668,155.75
14.3249999842,160.75
16.1249999843,160.75
14.4500000017,165.75
16.1750000018,165.75
14.5250000191,170.75
16.4250000192,170.75
14.6750000366,175.75
17.2000000367,175.75
14.8000000541,180.75
17.9250000542,180.75
14.9000000715,185.75
15.000000089,190.75
15.1500001065,195.75
15.2750001239,200.75
15.4000001414,205.75
15.5250001589,210.75
15.6000001763,215.75
15.7750001938,220.75
15.9250002113,225.75
16.0250002288,230.75
16.1000002462,235.75
16.2750002637,240.75
16.3750002812,245.75
16.5000002986,250.75
16.6500003161,255.75
16.7250003336,260.75
16.825000351,265.75
16.9500003685,270.75
17.000000386,275.75
17.1750004034,280.75
17.3250004209,285.75
17.4500004384,290.75
17.6000004559,295.75
17.6000004733,300.75
17.7750004908,305.75
17.9000005083,310.75
17.9750005257,315.75
18.1000005432,320.75
18.2000005607,325.75
13.6500000003,16.0
15.0750000003,16.0
15.0250000014,21.0
14.2250000025,26.0
15.7000000025,26.0
15.4500000036,31.0
16.5750000036,31.0
17.6000000036,31.0
18.7500000036,31.0
15.5000000047,36.0
16.4750000047,36.0
17.4000000047,36.0
18.4500000047,36.0
19.4500000047,36.0
21.5250000047,36.0
17.8500000036,41.0
19.6500000036,41.0
21.1750000036,41.0
15.8999999993,46.0
17.8249999992,46.0
18.7249999992,46.0
19.5499999992,46.0
20.4999999992,46.0
17.5749999949,51.0
19.3749999949,51.0
20.3749999948,51.0
21.2749999948,51.0
17.9999999905,56.0
18.9749999905,56.0
19.7999999905,56.0
20.5499999905,56.0
21.4249999905,56.0
22.5999999904,56.0
14.8499999862,61.0
18.6749999861,61.0
20.7749999861,61.0
22.9999999861,61.0
19.3999999818,66.0
20.4499999817,66.0
21.3749999817,66.0
22.2749999817,66.0
23.7749999817,66.0
25.0499999817,66.0
21.8749999774,71.0
22.1749999686,81.0
21.9999999643,86.0
14.79999996,91.0
21.9249999599,91.0
17.8249999556,96.0
21.4499999555,96.0
16.5249999382,116.0
13.6499999251,131.0
15.0249999251,131.0
13.7249999207,136.0
15.0999999207,136.0
13.8749999164,141.0
15.3499999163,141.0
13.9749999318,146.0
15.4249999319,146.0
14.0499999492,151.0
15.5499999493,151.0
14.1749999667,156.0
15.7499999668,156.0
14.2499999842,161.0
15.9249999843,161.0
14.4250000017,166.0
16.2250000018,166.0
14.5750000191,171.0
16.5250000192,171.0
14.6500000366,176.0
16.8500000367,176.0
14.7750000541,181.0
17.3500000542,181.0
14.9250000715,186.0
15.050000089,191.0
15.1000001065,196.0
15.3500001239,201.0
15.4500001414,206.0
15.4750001589,211.0
15.6500001764,216.0
15.7250001938,221.0
15.8750002113,226.0
16.0000002288,231.0
16.1500002462,236.0
16.2250002637,241.0
16.3750002812,246.0
16.5250002986,251.0
16.5750003161,256.0
16.7500003336,261.0
16.800000351,266.0
16.9500003685,271.0
17.100000386,276.0
17.2000004034,281.0
17.2750004209,286.0
17.4250004384,291.0
17.5250004559,296.0
17.6500004733,301.0
17.7500004908,306.0
17.8750005083,311.0
18.0000005257,316.0
18.1000005432,321.0
18.2250005607,326.0
13.4999999999,11.25
14.5749999999,11.25
14.8500000003,16.25
13.7750000014,21.25
15.4500000014,21.25
16.6500000014,21.25
15.1250000025,26.25
16.6250000025,26.25
17.9500000025,26.25
14.8000000036,31.25
15.9250000036,31.25
17.5750000036,31.25
18.8500000036,31.25
16.1750000047,36.25
17.1500000047,36.25
18.5000000047,36.25
19.6250000047,36.25
17.1500000036,41.25
18.0750000036,41.25
19.4750000036,41.25
20.5250000036,41.25
18.1249999992,46.25
19.0999999992,46.25
19.8749999992,46.25
20.9749999992,46.25
17.1249999949,51.25
18.8999999949,51.25
20.6249999948,51.25
21.5499999948,51.25
23.0249999948,51.25
18.7999999905,56.25
20.6499999905,56.25
21.5499999905,56.25
19.4249999861,61.25
20.4249999861,61.25
21.3749999861,61.25
22.5999999861,61.25
23.8749999861,61.25
20.9749999817,66.25
20.6499999774,71.25
21.6249999774,71.25
23.8999999773,71.25
16.6249999643,86.25
17.9249999643,86.25
21.7749999643,86.25
15.64999996,91.25
18.6249999599,91.25
19.8499999599,91.25
21.2749999599,91.25
22.9999999512,101.25
17.7499999469,106.25
17.6999999425,111.25
21.5999999424,111.25
17.1499999381,116.25
21.7999999381,116.25
23.0749999337,121.25
19.3999999294,126.25
20.9999999294,126.25
13.6999999207,136.25
15.0749999207,136.25
13.8499999164,141.25
15.2999999163,141.25
13.9499999318,146.25
15.4999999319,146.25
14.0749999493,151.25
15.6249999493,151.25
14.1249999667,156.25
15.7749999668,156.25
14.2999999842,161.25
16.0499999843,161.25
14.4750000017,166.25
16.3500000018,166.25
14.5250000191,171.25
16.4250000192,171.25
14.6500000366,176.25
16.8000000367,176.25
14.8500000541,181.25
18.0500000543,181.25
14.8500000715,186.25
17.8000000717,186.25
15.025000089,191.25
15.2000001065,196.25
15.2750001239,201.25
15.4250001414,206.25
15.5250001589,211.25
15.6500001764,216.25
15.7500001938,221.25
15.9500002113,226.25
15.9750002288,231.25
16.1000002462,236.25
16.2250002637,241.25
16.3750002812,246.25
16.5000002986,251.25
16.5750003161,256.25
16.7250003336,261.25
16.825000351,266.25
16.9500003685,271.25
17.075000386,276.25
17.2000004034,281.25
17.3000004209,286.25
17.4000004384,291.25
17.5500004559,296.25
17.6500004733,301.25
17.7500004908,306.25
17.8750005083,311.25
17.9750005257,316.25
18.0250005432,321.25
18.2000005607,326.25
14.9500000003,16.5
15.3500000014,21.5
16.3750000014,21.5
15.1250000025,26.5
16.6000000025,26.5
17.9750000025,26.5
15.5000000036,31.5
16.8250000036,31.5
17.7500000036,31.5
19.1000000036,31.5
17.0500000047,36.5
17.9750000047,36.5
18.7250000047,36.5
19.7000000047,36.5
15.7250000036,41.5
17.6000000036,41.5
19.1500000036,41.5
20.1000000036,41.5
22.0750000036,41.5
17.9749999992,46.5
19.6999999992,46.5
21.5749999992,46.5
16.5749999949,51.5
18.4749999949,51.5
19.4499999949,51.5
20.3999999948,51.5
21.4749999948,51.5
22.7999999948,51.5
19.8749999905,56.5
20.7749999905,56.5
22.3249999905,56.5
16.6749999862,61.5
19.3999999861,61.5
20.7249999861,61.5
21.7249999861,61.5
22.7249999861,61.5
23.6499999861,61.5
18.8999999818,66.5
21.0749999817,66.5
22.0749999817,66.5
24.0499999817,66.5
21.9249999774,71.5
23.2499999773,71.5
15.2999999731,76.5
18.924999973,76.5
14.5999999687,81.5
17.5249999687,81.5
18.6749999687,81.5
21.3249999686,81.5
20.9749999643,86.5
19.7749999599,91.5
18.8999999468,106.5
17.7999999425,111.5
19.2749999425,111.5
13.6999999207,136.5
15.0499999207,136.5
13.8249999164,141.5
15.2499999163,141.5
13.9749999318,146.5
15.4749999319,146.5
13.9999999492,151.5
15.5499999493,151.5
14.1749999667,156.5
15.7749999668,156.5
14.2999999842,161.5
15.9999999843,161.5
14.4500000017,166.5
16.3000000018,166.5
14.5250000191,171.5
16.4000000192,171.5
14.6500000366,176.5
16.7500000367,176.5
14.8000000541,181.5
17.0750000542,181.5
14.8750000715,186.5
17.3500000717,186.5
15.025000089,191.5
15.2000001065,196.5
15.2750001239,201.5
15.4000001414,206.5
15.4750001589,211.5
15.6000001763,216.5
15.7500001938,221.5
15.8750002113,226.5
15.9750002288,231.5
16.1750002462,236.5
16.2500002637,241.5
16.4500002812,246.5
16.5000002986,251.5
16.6250003161,256.5
16.7000003336,261.5
16.825000351,266.5
16.9750003685,271.5
17.050000386,276.5
17.2000004034,281.5
17.2750004209,286.5
17.4000004384,291.5
17.5250004559,296.5
17.6500004733,301.5
17.8000004908,306.5
17.8750005083,311.5
17.9500005257,316.5
18.0500005432,321.5
18.2000005607,326.5
13.6500000003,16.75
14.5250000003,16.75
15.4250000003,16.75
16.9750000003,16.75
15.0000000014,21.75
13.9000000025,26.75
15.5500000025,26.75
16.4750000025,26.75
17.4000000025,26.75
18.8750000025,26.75
15.9750000036,31.75
16.8750000036,31.75
17.6500000036,31.75
18.6000000036,31.75
16.0250000047,36.75
16.9500000047,36.75
18.3500000047,36.75
19.4000000047,36.75
17.6750000036,41.75
19.6000000036,41.75
20.9250000036,41.75
15.4999999993,46.75
16.9999999993,46.75
17.8999999992,46.75
18.6749999992,46.75
19.6249999992,46.75
20.5499999992,46.75
21.5499999992,46.75
17.8249999949,51.75
18.7249999949,51.75
20.2499999948,51.75
21.2999999948,51.75
19.4499999905,56.75
20.4249999905,56.75
21.3999999905,56.75
22.7249999904,56.75
14.6749999862,61.75
16.0499999862,61.75
18.6249999861,61.75
20.5749999861,61.75
21.5249999861,61.75
21.5749999817,66.75
24.3999999817,66.75
21.1499999774,71.75
23.7749999773,71.75
21.774999973,76.75
17.9999999687,81.75
15.1999999644,86.75
16.6499999556,96.75
19.4999999556,96.75
22.0999999555,96.75
18.7749999512,101.75
18.7749999381,116.75
17.6749999338,121.75
20.6999999337,121.75
19.7749999294,126.75
13.4999999251,131.75
14.5749999251,131.75
13.6749999207,136.75
15.0249999207,136.75
13.8499999164,141.75
15.2749999163,141.75
13.9499999318,146.75
15.3999999319,146.75
14.1249999493,151.75
15.6999999493,151.75
14.1999999667,156.75
15.7999999668,156.75
14.2499999842,161.75
15.8999999843,161.75
14.4500000017,166.75
16.4500000018,166.75
14.5000000191,171.75
16.3250000192,171.75
14.7000000366,176.75
16.9000000367,176.75
14.7250000541,181.75
14.9250000715,186.75
15.025000089,191.75
15.1500001065,196.75
15.2750001239,201.75
15.4000001414,206.75
15.5250001589,211.75
15.7250001764,216.75
15.7500001938,221.75
15.8750002113,226.75
15.9500002288,231.75
16.0750002462,236.75
16.2500002637,241.75
16.4000002812,246.75
16.5250002986,251.75
16.6500003161,256.75
16.7750003336,261.75
16.875000351,266.75
16.9250003685,271.75
17.075000386,276.75
17.2250004035,281.75
17.3000004209,286.75
17.4500004384,291.75
17.5250004559,296.75
17.6500004733,301.75
17.7750004908,306.75
17.9000005083,311.75
17.9500005257,316.75
18.1000005432,321.75
18.2000005607,326.75
13.6500000003,17.0
15.1000000003,17.0
13.6500000014,22.0
15.0750000014,22.0
15.9750000014,22.0
17.3500000014,22.0
13.8750000025,27.0
15.5250000025,27.0
16.4500000025,27.0
17.3250000025,27.0
18.6750000025,27.0
15.4500000036,32.0
16.4000000036,32.0
17.3000000036,32.0
18.0500000036,32.0
19.0500000036,32.0
16.1500000047,37.0
17.1500000047,37.0
17.9750000047,37.0
19.1500000047,37.0
14.4750000037,42.0
15.4500000037,42.0
16.3500000036,42.0
17.1750000036,42.0
18.2750000036,42.0
19.1500000036,42.0
19.9000000036,42.0
20.8250000036,42.0
18.9999999992,47.0
19.9249999992,47.0
21.6749999992,47.0
18.4499999949,52.0
19.4499999949,52.0
20.3999999948,52.0
21.5249999948,52.0
19.3249999905,57.0
20.7749999905,57.0
21.6249999905,57.0
21.0749999817,67.0
22.0249999817,67.0
23.0749999817,67.0
18.6999999774,72.0
22.1249999686,82.0
20.5499999643,87.0
19.9499999556,97.0
18.0999999469,107.0
15.5749999294,127.0
19.6749999294,127.0
21.0249999294,127.0
13.6249999251,132.0
14.9749999251,132.0
13.6999999207,137.0
15.0749999207,137.0
13.7999999164,142.0
15.1999999163,142.0
13.9749999318,147.0
15.4249999319,147.0
14.0499999492,152.0
15.5749999493,152.0
14.1749999667,157.0
15.7499999668,157.0
14.2749999842,162.0
15.9749999843,162.0
14.4500000017,167.0
16.2500000018,167.0
14.5000000191,172.0
16.5250000192,172.0
14.6500000366,177.0
16.8000000367,177.0
14.8250000541,182.0
14.8750000715,187.0
15.025000089,192.0
15.0750001065,197.0
15.2750001239,202.0
15.3500001414,207.0
15.4750001589,212.0
15.6500001764,217.0
15.7000001938,222.0
15.8750002113,227.0
16.0000002288,232.0
16.1250002462,237.0
16.2500002637,242.0
16.3250002812,247.0
16.4750002986,252.0
16.5750003161,257.0
16.7250003336,262.0
16.850000351,267.0
17.0250003685,272.0
17.075000386,277.0
17.1750004034,282.0
17.3000004209,287.0
17.4250004384,292.0
17.4750004559,297.0
17.6500004733,302.0
17.7500004908,307.0
17.8000005083,312.0
18.0000005257,317.0
18.1250005432,322.0
18.2000005607,327.0
13.6249999999,12.25
14.9749999999,12.25
13.6500000003,17.25
14.5250000003,17.25
15.4000000003,17.25
16.8250000003,17.25
13.8250000014,22.25
15.4750000014,22.25
16.7000000014,22.25
13.8500000025,27.25
15.5500000025,27.25
16.8250000025,27.25
14.5500000036,32.25
16.1750000036,32.25
17.2000000036,32.25
14.3750000047,37.25
15.3750000047,37.25
16.3000000047,37.25
17.4500000047,37.25
18.3500000047,37.25
19.1750000047,37.25
20.2500000047,37.25
16.7750000036,42.25
17.6500000036,42.25
18.7000000036,42.25
19.6000000036,42.25
20.6250000036,42.25
19.1999999992,47.25
20.7499999992,47.25
19.3499999949,52.25
20.7749999948,52.25
21.6499999905,57.25
19.7749999861,62.25
20.6999999861,62.25
22.1999999861,62.25
17.1999999818,67.25
19.9999999818,67.25
21.7999999817,67.25
18.5999999774,72.25
19.199999973,77.25
14.7499999687,82.25
16.8749999643,87.25
18.3749999643,87.25
19.6249999643,87.25
21.5999999599,92.25
17.8999999556,97.25
18.6499999381,117.25
22.0249999381,117.25
17.6249999338,122.25
20.6999999337,122.25
15.9749999294,127.25
17.3749999294,127.25
13.7249999207,137.25
15.0999999207,137.25
13.8749999164,142.25
15.3499999163,142.25
13.9249999318,147.25
15.3999999319,147.25
14.0749999493,152.25
15.6249999493,152.25
14.1249999667,157.25
15.6999999668,157.25
14.2999999842,162.25
15.9749999843,162.25
14.4500000017,167.25
16.3250000018,167.25
14.5250000191,172.25
16.5000000192,172.25
14.6750000366,177.25
16.9250000367,177.25
14.7500000541,182.25
17.3750000542,182.25
14.9000000715,187.25
15.075000089,192.25
15.1500001065,197.25
15.2750001239,202.25
15.4000001414,207.25
15.5250001589,212.25
15.6250001764,217.25
15.7750001938,222.25
15.9000002113,227.25
16.0000002288,232.25
16.0500002462,237.25
16.2500002637,242.25
16.3750002812,247.25
16.5000002986,252.25
16.6500003161,257.25
16.7000003336,262.25
16.775000351,267.25
16.9500003685,272.25
17.100000386,277.25
17.2000004034,282.25
17.3500004209,287.25
17.4000004384,292.25
17.5500004559,297.25
17.7000004733,302.25
17.7250004908,307.25
17.9000005083,312.25
17.9500005257,317.25
18.1000005432,322.25
18.2000005607,327.25
13.5999999999,12.5
14.9749999999,12.5
14.7250000003,17.5
16.9500000003,17.5
15.0750000014,22.5
15.9500000014,22.5
17.2500000014,22.5
14.1000000025,27.5
15.6500000025,27.5
16.5500000025,27.5
17.5250000025,27.5
19.8000000025,27.5
14.1750000036,32.5
15.7500000036,32.5
17.4000000036,32.5
18.5250000036,32.5
15.6750000047,37.5
17.5500000047,37.5
18.8000000047,37.5
16.2500000036,42.5
17.2750000036,42.5
18.5000000036,42.5
19.4250000036,42.5
20.3000000036,42.5
21.5750000036,42.5
16.6999999993,47.5
17.6749999993,47.5
19.2499999992,47.5
20.2999999992,47.5
21.1749999992,47.5
17.6499999949,52.5
18.5999999949,52.5
19.4749999949,52.5
20.3499999948,52.5
21.4249999948,52.5
22.5249999948,52.5
19.9749999905,57.5
20.8749999905,57.5
21.6249999905,57.5
20.9249999861,62.5
22.0749999861,62.5
23.4249999861,62.5
20.7499999817,67.5
21.6999999817,67.5
22.6999999817,67.5
23.8999999817,67.5
17.9249999731,77.5
21.574999973,77.5
17.4749999643,87.5
18.6999999643,87.5
18.0499999556,97.5
16.6999999512,102.5
18.9749999468,107.5
20.9999999337,122.5
20.0249999294,127.5
13.7249999207,137.5
15.0999999207,137.5
13.8749999164,142.5
15.2999999163,142.5
13.9499999318,147.5
15.4749999319,147.5
14.0249999492,152.5
15.5749999493,152.5
14.1749999667,157.5
15.8249999668,157.5
14.2999999842,162.5
15.9749999843,162.5
14.4250000017,167.5
16.3250000018,167.5
14.5500000191,172.5
16.5500000192,172.5
14.6750000366,177.5
17.0000000367,177.5
14.7750000541,182.5
17.1000000542,182.5
14.9000000715,187.5
15.075000089,192.5
15.1250001065,197.5
15.2500001239,202.5
15.4500001414,207.5
15.5250001589,212.5
15.6750001764,217.5
15.7500001938,222.5
15.9000002113,227.5
15.9750002288,232.5
16.1250002462,237.5
16.2500002637,242.5
16.3750002812,247.5
16.4250002986,252.5
16.6500003161,257.5
16.7250003336,262.5
16.900000351,267.5
16.9500003685,272.5
17.075000386,277.5
17.2000004034,282.5
17.3250004209,287.5
17.4500004384,292.5
17.5250004559,297.5
17.6250004733,302.5
17.7500004908,307.5
17.9000005083,312.5
18.0250005257,317.5
18.1000005432,322.5
18.2000005607,327.5
13.5749999999,12.75
14.9249999999,12.75
13.7750000003,17.75
14.6250000003,17.75
15.6500000003,17.75
13.8500000014,22.75
14.7000000014,22.75
15.8000000014,22.75
15.3750000025,27.75
16.3500000025,27.75
17.2000000025,27.75
18.4500000025,27.75
14.2000000036,32.75
15.7000000036,32.75
16.5750000036,32.75
17.3750000036,32.75
18.1750000036,32.75
19.2750000036,32.75
14.5000000047,37.75
15.8500000047,37.75
16.6750000047,37.75
17.7500000047,37.75
18.6000000047,37.75
19.6500000047,37.75
16.2750000036,42.75
17.3750000036,42.75
18.5750000036,42.75
19.8000000036,42.75
16.4749999993,47.75
17.9749999992,47.75
19.6499999992,47.75
21.1999999992,47.75
17.6249999949,52.75
18.5749999949,52.75
19.8499999949,52.75
20.7749999948,52.75
22.3499999948,52.75
19.4999999905,57.75
20.8249999905,57.75
21.7999999905,57.75
20.2499999861,62.75
21.4249999861,62.75
23.0249999861,62.75
24.0499999861,62.75
21.9249999817,67.75
23.4249999817,67.75
15.1249999687,82.75
17.7499999687,82.75
23.5499999686,82.75
24.9749999686,82.75
26.1999999686,82.75
22.1249999643,87.75
18.9249999599,92.75
15.7749999556,97.75
19.1499999556,97.75
21.9249999555,97.75
18.7249999512,102.75
20.1249999512,102.75
17.3999999469,107.75
18.6999999469,107.75
19.8749999468,107.75
20.6999999425,112.75
20.6999999381,117.75
15.2999999294,127.75
13.7499999207,137.75
15.1749999207,137.75
13.8499999164,142.75
15.2999999163,142.75
13.8999999318,147.75
15.3499999319,147.75
14.0499999492,152.75
15.5749999493,152.75
14.1749999667,157.75
15.7749999668,157.75
14.3499999842,162.75
16.1499999843,162.75
14.4250000017,167.75
16.2500000018,167.75
14.4500000191,172.75
16.3000000192,172.75
14.6750000366,177.75
16.6750000367,177.75
14.7750000541,182.75
17.1500000542,182.75
14.9250000715,187.75
15.050000089,192.75
15.1750001065,197.75
15.2250001239,202.75
15.4000001414,207.75
15.5500001589,212.75
15.6500001764,217.75
15.7750001938,222.75
15.9000002113,227.75
16.0500002288,232.75
16.1750002462,237.75
16.2500002637,242.75
16.3750002812,247.75
16.5000002986,252.75
16.5750003161,257.75
16.7250003336,262.75
16.850000351,267.75
16.9500003685,272.75
17.075000386,277.75
17.1750004034,282.75
17.3250004209,287.75
17.3750004384,292.75
17.5250004559,297.75
17.6500004733,302.75
17.7500004908,307.75
17.8500005083,312.75
18.0000005257,317.75
18.0500005432,322.75
18.1500005607,327.75
13.6249999999,13.0
14.9749999999,13.0
13.8250000003,18.0
14.6500000003,18.0
15.7000000003,18.0
14.8500000014,23.0
17.3500000014,23.0
13.8500000025,28.0
15.5500000025,28.0
16.4500000025,28.0
17.3500000025,28.0
18.7250000025,28.0
15.7750000036,33.0
16.6750000036,33.0
17.5000000036,33.0
18.3750000036,33.0
19.7500000036,33.0
15.5500000047,38.0
17.0250000047,38.0
17.9750000047,38.0
18.7500000047,38.0
19.7000000047,38.0
21.8500000047,38.0
16.1500000036,43.0
17.8250000036,43.0
19.5750000036,43.0
20.9750000036,43.0
16.3499999993,48.0
17.5249999993,48.0
18.6499999992,48.0
19.5249999992,48.0
20.3999999992,48.0
21.8999999992,48.0
16.8499999949,53.0
17.7749999949,53.0
19.3749999949,53.0
20.5749999948,53.0
21.6249999948,53.0
19.2749999905,58.0
20.3249999905,58.0
21.1999999905,58.0
21.9749999905,58.0
22.7999999904,58.0
24.1999999904,58.0
15.8499999862,63.0
21.1249999861,63.0
17.9249999818,68.0
20.3499999818,68.0
21.5499999817,68.0
23.2249999817,68.0
14.7499999775,73.0
18.7749999774,73.0
17.7499999731,78.0
19.024999973,78.0
21.674999973,78.0
22.974999973,78.0
24.024999973,78.0
27.0749999729,78.0
20.7499999686,83.0
22.5499999686,83.0
20.3249999599,93.0
16.7249999512,103.0
21.5999999512,103.0
21.6249999381,118.0
20.8749999337,123.0
15.0749999294,128.0
13.7249999207,138.0
15.0999999207,138.0
13.7749999164,143.0
15.1999999163,143.0
13.9499999318,148.0
15.3999999319,148.0
14.0499999492,153.0
15.5499999493,153.0
14.1749999667,158.0
15.7999999668,158.0
14.2249999842,163.0
15.8999999843,163.0
14.3750000017,168.0
16.1250000018,168.0
14.5000000191,173.0
16.3750000192,173.0
14.6500000366,178.0
16.8750000367,178.0
14.8250000541,183.0
14.9000000715,188.0
15.025000089,193.0
15.1250001065,198.0
15.2750001239,203.0
15.4000001414,208.0
15.5250001589,213.0
15.6500001764,218.0
15.7500001938,223.0
15.8750002113,228.0
16.0250002288,233.0
16.1500002462,238.0
16.3000002637,243.0
16.3000002812,248.0
16.4750002986,253.0
16.6500003161,258.0
16.7750003336,263.0
16.825000351,268.0
16.9500003685,273.0
17.075000386,278.0
17.1750004034,283.0
17.3000004209,288.0
17.4000004384,293.0
17.4250004558,298.0
17.6250004733,303.0
17.7750004908,308.0
17.8500005083,313.0
18.0250005257,318.0
18.1000005432,323.0
18.2000005607,328.0
13.4999999999,13.25
14.5749999999,13.25
14.7000000003,18.25
16.6000000003,18.25
13.8250000014,23.25
14.6750000014,23.25
15.7250000014,23.25
14.3000000025,28.25
15.7750000025,28.25
16.2000000036,33.25
17.3000000036,33.25
18.1750000036,33.25
19.4750000036,33.25
16.0250000047,38.25
17.7000000047,38.25
20.1750000047,38.25
14.7750000037,43.25
15.7000000036,43.25
17.2000000036,43.25
18.2000000036,43.25
19.5000000036,43.25
20.6250000036,43.25
16.6499999993,48.25
18.5749999992,48.25
20.3249999992,48.25
21.3999999992,48.25
19.2999999949,53.25
20.4249999948,53.25
21.5749999948,53.25
18.9249999905,58.25
19.8749999905,58.25
21.4499999905,58.25
22.5249999905,58.25
19.2999999861,63.25
21.0499999861,63.25
23.4499999861,63.25
19.7499999818,68.25
20.7249999817,68.25
21.6249999817,68.25
21.6249999774,73.25
15.2749999687,83.25
18.5249999687,83.25
21.8749999555,98.25
22.2249999512,103.25
15.5499999469,108.25
17.6999999469,108.25
16.9999999425,113.25
19.8499999425,113.25
20.0499999381,118.25
21.2249999381,118.25
17.8749999338,123.25
13.7249999207,138.25
15.0999999207,138.25
13.7999999164,143.25
15.2249999163,143.25
13.9499999318,148.25
15.4749999319,148.25
14.0499999492,153.25
15.5749999493,153.25
14.1749999667,158.25
15.7999999668,158.25
14.2999999842,163.25
15.9749999843,163.25
14.3750000017,168.25
16.1750000018,168.25
14.5000000191,173.25
16.3500000192,173.25
14.6750000366,178.25
16.6250000367,178.25
14.8000000541,183.25
14.9000000715,188.25
14.975000089,193.25
15.1500001065,198.25
15.3250001239,203.25
15.4000001414,208.25
15.5250001589,213.25
15.6250001764,218.25
15.7750001938,223.25
15.9000002113,228.25
16.0250002288,233.25
16.1500002462,238.25
16.2500002637,243.25
16.4250002812,248.25
16.5000002986,253.25
16.6750003161,258.25
16.7250003336,263.25
16.850000351,268.25
16.9250003685,273.25
17.025000386,278.25
17.2250004035,283.25
17.3250004209,288.25
17.4000004384,293.25
17.5250004559,298.25
17.6500004733,303.25
17.7500004908,308.25
17.8250005083,313.25
18.0000005257,318.25
18.0750005432,323.25
18.2000005607,328.25
14.7750000003,18.5
17.2000000003,18.5
13.8750000014,23.5
15.5500000014,23.5
16.8250000014,23.5
14.3250000025,28.5
15.8000000025,28.5
14.8500000036,33.5
15.9750000036,33.5
17.5500000036,33.5
18.8250000036,33.5
14.6750000047,38.5
16.5750000047,38.5
17.5000000047,38.5
18.3500000047,38.5
19.1500000047,38.5
20.3000000047,38.5
16.3750000036,43.5
17.8000000036,43.5
18.7000000036,43.5
19.9000000036,43.5
16.6499999993,48.5
18.5499999992,48.5
19.5249999992,48.5
20.3749999992,48.5
21.1999999992,48.5
22.3749999992,48.5
18.1249999949,53.5
19.0749999949,53.5
20.4499999948,53.5
21.3749999948,53.5
22.2249999948,53.5
20.8499999905,58.5
22.9499999904,58.5
20.3749999861,63.5
21.6249999861,63.5
23.1499999861,63.5
15.3249999818,68.5
17.8749999818,68.5
19.9999999818,68.5
21.7249999817,68.5
22.7999999817,68.5
16.8499999774,73.5
18.3499999774,73.5
20.4749999774,73.5
21.4999999774,73.5
23.7999999686,83.5
20.7749999643,88.5
15.87499996,93.5
17.07499996,93.5
19.9749999599,93.5
16.9499999556,98.5
20.9999999555,98.5
22.4749999555,98.5
17.3499999512,103.5
20.7749999512,103.5
18.7499999469,108.5
21.5749999468,108.5
20.1499999381,118.5
13.6749999207,138.5
15.0249999207,138.5
13.8249999164,143.5
15.2499999163,143.5
13.8999999318,148.5
15.3499999319,148.5
14.0749999493,153.5
15.6249999493,153.5
14.1249999667,158.5
15.6749999668,158.5
14.2749999842,163.5
15.9499999843,163.5
14.4500000017,168.5
16.2500000018,168.5
14.5750000191,173.5
16.6250000192,173.5
14.6500000366,178.5
16.7250000367,178.5
14.8500000541,183.5
14.9000000715,188.5
15.025000089,193.5
15.1000001065,198.5
15.2500001239,203.5
15.4000001414,208.5
15.4750001589,213.5
15.5750001763,218.5
15.7000001938,223.5
15.8750002113,228.5
16.0500002288,233.5
16.1500002462,238.5
16.2250002637,243.5
16.3250002812,248.5
16.5000002986,253.5
16.5750003161,258.5
16.7250003336,263.5
16.825000351,268.5
16.9500003685,273.5
17.050000386,278.5
17.2500004035,283.5
17.3000004209,288.5
17.4250004384,293.5
17.5250004559,298.5
17.6250004733,303.5
17.7500004908,308.5
17.9000005083,313.5
18.0000005257,318.5
18.0500005432,323.5
18.2500005607,328.5
13.5249999999,13.75
14.5999999999,13.75
13.6500000003,18.75
15.1250000003,18.75
15.1000000014,23.75
13.8500000025,28.75
14.7000000025,28.75
15.8000000025,28.75
16.6500000025,28.75
17.7500000025,28.75
15.4250000036,33.75
16.5500000036,33.75
17.5750000036,33.75
18.7000000036,33.75
16.1750000047,38.75
17.1750000047,38.75
18.5000000047,38.75
19.6500000047,38.75
14.6500000037,43.75
16.6000000036,43.75
18.3250000036,43.75
19.3250000036,43.75
20.1500000036,43.75
21.3500000036,43.75
16.6249999993,48.75
18.5749999992,48.75
19.5499999992,48.75
20.5999999992,48.75
17.6249999949,53.75
18.5749999949,53.75
19.6499999949,53.75
20.5999999948,53.75
21.4499999948,53.75
22.3499999948,53.75
20.0749999905,58.75
21.7749999905,58.75
17.0249999862,63.75
19.4999999861,63.75
21.3249999861,63.75
18.4749999818,68.75
20.6249999817,68.75
22.8249999817,68.75
14.9499999687,83.75
17.5749999687,83.75
20.9999999686,83.75
14.9249999644,88.75
18.7499999643,88.75
22.1249999599,93.75
17.7499999556,98.75
18.9499999556,98.75
22.7999999424,113.75
18.1749999381,118.75
19.4999999381,118.75
21.1749999381,118.75
22.6999999381,118.75
17.2499999338,123.75
13.6249999251,133.75
14.9749999251,133.75
13.7499999207,138.75
15.1499999207,138.75
13.8749999164,143.75
15.2999999163,143.75
13.9499999318,148.75
15.4249999319,148.75
14.0249999492,153.75
15.5749999493,153.75
14.1749999667,158.75
15.7749999668,158.75
14.2999999842,163.75
16.0499999843,163.75
14.4750000017,168.75
16.3250000018,168.75
14.5250000191,173.75
16.4250000192,173.75
14.6500000366,178.75
17.1000000367,178.75
14.7500000541,183.75
17.1750000542,183.75
14.9250000715,188.75
15.025000089,193.75
15.1250001065,198.75
15.2750001239,203.75
15.4500001414,208.75
15.5250001589,213.75
15.6500001764,218.75
15.7250001938,223.75
15.8500002113,228.75
16.0000002288,233.75
16.2000002462,238.75
16.2500002637,243.75
16.3500002812,248.75
16.5500002986,253.75
16.6250003161,258.75
16.7250003336,263.75
16.825000351,268.75
17.0250003685,273.75
17.075000386,278.75
17.2000004034,283.75
17.3500004209,288.75
17.3750004384,293.75
17.5000004559,298.75
17.5750004733,303.75
17.7000004908,308.75
17.8250005083,313.75
17.9750005257,318.75
18.1500005432,323.75
18.1750005607,328.75
13.6499999999,14.0
14.9749999999,14.0
13.8000000003,19.0
14.6500000003,19.0
15.6750000003,19.0
13.9000000014,24.0
15.6000000014,24.0
16.8750000014,24.0
14.3000000025,29.0
15.7250000025,29.0
16.6000000025,29.0
17.6000000025,29.0
14.7500000036,34.0
15.9250000036,34.0
17.5500000036,34.0
18.8000000036,34.0
15.6750000047,39.0
16.5750000047,39.0
17.4250000047,39.0
18.2750000047,39.0
19.6000000047,39.0
17.4250000036,44.0
18.6500000036,44.0
19.6500000036,44.0
20.9500000036,44.0
18.7499999992,49.0
19.6499999992,49.0
20.7999999992,49.0
17.0999999949,54.0
18.7999999949,54.0
19.6749999949,54.0
20.5249999948,54.0
21.3999999948,54.0
18.7999999905,59.0
19.7499999905,59.0
20.5499999905,59.0
21.3999999905,59.0
22.2249999905,59.0
18.5499999861,64.0
19.5999999861,64.0
20.4999999861,64.0
21.5999999861,64.0
22.9749999861,64.0
17.2249999818,69.0
21.1749999817,69.0
22.1999999817,69.0
21.7249999774,74.0
22.9999999773,74.0
21.774999973,79.0
15.67499996,94.0
16.99999996,94.0
19.7999999599,94.0
20.8999999599,94.0
22.0749999599,94.0
17.5499999381,119.0
18.7499999381,119.0
21.3999999381,119.0
21.8749999337,124.0
19.2249999294,129.0
13.6249999251,134.0
14.9749999251,134.0
13.6749999207,139.0
15.0249999207,139.0
13.8749999164,144.0
15.2999999163,144.0
13.9249999318,149.0
15.4749999319,149.0
14.0999999493,154.0
15.6499999493,154.0
14.1499999667,159.0
15.7749999668,159.0
14.2499999842,164.0
15.8999999843,164.0
14.4250000017,169.0
16.2250000018,169.0
14.6000000191,174.0
16.7000000193,174.0
14.6500000366,179.0
16.7250000367,179.0
14.8000000541,184.0
17.5000000542,184.0
14.9000000715,189.0
15.025000089,194.0
15.1750001065,199.0
15.2750001239,204.0
15.4250001414,209.0
15.5250001589,214.0
15.6750001764,219.0
15.7500001938,224.0
15.9000002113,229.0
15.9750002288,234.0
16.1750002462,239.0
16.2500002637,244.0
16.3750002812,249.0
16.5000002986,254.0
16.6500003161,259.0
16.7250003336,264.0
16.800000351,269.0
16.9500003685,274.0
17.075000386,279.0
17.1500004034,284.0
17.3000004209,289.0
17.4000004384,294.0
17.5500004559,299.0
17.6250004733,304.0
17.7250004908,309.0
17.9000005083,314.0
17.9750005257,319.0
18.0750005432,324.0
18.2000005607,329.0
13.6249999999,14.25
14.9749999999,14.25
13.6250000003,19.25
14.5000000003,19.25
15.4250000003,19.25
16.9250000003,19.25
13.7750000014,24.25
15.4750000014,24.25
16.6500000014,24.25
14.2250000025,29.25
15.7250000025,29.25
16.5750000025,29.25
17.5750000025,29.25
16.6250000036,34.25
18.4750000036,34.25
14.9500000047,39.25
16.7750000047,39.25
17.6750000047,39.25
18.8250000047,39.25
16.6000000036,44.25
18.4750000036,44.25
19.5000000036,44.25
20.4500000036,44.25
17.4499999993,49.25
18.4749999992,49.25
19.4749999992,49.25
20.5499999992,49.25
21.6749999992,49.25
17.6249999949,54.25
18.5499999949,54.25
19.6749999949,54.25
20.6499999948,54.25
21.8249999948,54.25
14.6499999906,59.25
17.5499999905,59.25
19.4999999905,59.25
20.4749999905,59.25
21.3499999905,59.25
22.1499999905,59.25
20.4999999861,64.25
21.8249999861,64.25
24.2499999861,64.25
19.9249999818,69.25
21.7249999817,69.25
22.8749999817,69.25
20.5249999774,74.25
24.0249999773,74.25
16.2249999731,79.25
18.599999973,79.25
19.699999973,79.25
21.974999973,79.25
17.1499999687,84.25
19.9999999687,84.25
19.0249999643,89.25
21.8999999643,89.25
20.7999999599,94.25
20.5749999468,109.25
21.8249999468,109.25
19.9999999425,114.25
19.7749999337,124.25
13.6999999207,139.25
15.0749999207,139.25
13.8249999164,144.25
15.2499999163,144.25
13.9499999318,149.25
15.4999999319,149.25
14.0749999493,154.25
15.6249999493,154.25
14.2249999667,159.25
15.8999999668,159.25
14.3499999842,164.25
16.0999999843,164.25
14.4000000017,169.25
16.2500000018,169.25
14.5500000191,174.25
16.4750000192,174.25
14.6250000366,179.25
16.6250000367,179.25
14.8000000541,184.25
14.9000000715,189.25
15.075000089,194.25
15.0750001065,199.25
15.3500001239,204.25
15.4250001414,209.25
15.5250001589,214.25
15.5500001763,219.25
15.7250001938,224.25
15.8750002113,229.25
16.0000002288,234.25
16.1250002462,239.25
16.2500002637,244.25
16.4000002812,249.25
16.4750002986,254.25
16.6250003161,259.25
16.7750003336,264.25
16.850000351,269.25
16.9250003685,274.25
17.025000386,279.25
17.2000004034,284.25
17.3250004209,289.25
17.4000004384,294.25
17.5250004559,299.25
17.6500004733,304.25
17.7500004908,309.25
17.9000005083,314.25
17.9750005257,319.25
18.1250005432,324.25
18.2250005607,329.25
14.7500000003,19.5
17.0250000003,19.5
13.8500000014,24.5
15.5250000014,24.5
16.7500000014,24.5
14.2000000025,29.5
15.2000000025,29.5
16.4750000025,29.5
17.5750000025,29.5
14.5250000036,34.5
15.8000000036,34.5
16.6500000036,34.5
17.4750000036,34.5
18.3000000036,34.5
19.4500000036,34.5
14.7500000047,39.5
15.6750000047,39.5
16.5000000047,39.5
17.3500000047,39.5
18.1500000047,39.5
19.3000000047,39.5
17.0750000036,44.5
18.0000000036,44.5
19.4000000036,44.5
20.4250000036,44.5
15.4499999993,49.5
17.0249999993,49.5
17.9499999992,49.5
19.4499999992,49.5
20.3749999992,49.5
21.2499999992,49.5
18.9499999949,54.5
19.8999999949,54.5
21.4249999948,54.5
18.7499999905,59.5
19.6749999905,59.5
20.9999999905,59.5
21.9499999905,59.5
17.9499999862,64.5
18.8749999861,64.5
20.4499999861,64.5
21.4499999861,64.5
22.4499999861,64.5
20.8249999817,69.5
21.6749999774,74.5
15.7499999731,79.5
16.8749999731,79.5
14.7999999687,84.5
15.9999999687,84.5
18.5999999687,84.5
19.7499999687,84.5
17.69999996,94.5
15.2749999513,104.5
18.6249999512,104.5
21.2999999512,104.5
14.6999999382,119.5
20.0749999381,119.5
15.1249999338,124.5
20.7999999294,129.5
22.0749999293,129.5
13.6249999251,134.5
14.9499999251,134.5
13.6999999207,139.5
15.0749999207,139.5
13.7999999164,144.5
15.2499999163,144.5
13.8999999318,149.5
15.3499999319,149.5
14.0499999492,154.5
15.5999999493,154.5
14.2249999667,159.5
15.7999999668,159.5
14.3749999842,164.5
16.1499999843,164.5
14.4250000017,169.5
16.2750000018,169.5
14.5750000191,174.5
16.6500000193,174.5
14.6500000366,179.5
16.7750000367,179.5
14.7750000541,184.5
17.2250000542,184.5
14.8750000715,189.5
15.025000089,194.5
15.1750001065,199.5
15.2500001239,204.5
15.4500001414,209.5
15.5500001589,214.5
15.6500001764,219.5
15.7250001938,224.5
15.9000002113,229.5
15.9500002288,234.5
16.0750002462,239.5
16.2250002637,244.5
16.3750002812,249.5
16.5750002986,254.5
16.6000003161,259.5
16.7250003336,264.5
16.900000351,269.5
16.9250003685,274.5
17.075000386,279.5
17.2250004035,284.5
17.2500004209,289.5
17.4250004384,294.5
17.5000004559,299.5
17.6500004733,304.5
17.7500004908,309.5
17.8750005083,314.5
17.9250005257,319.5
18.1000005432,324.5
18.1750005607,329.5
13.8000000003,19.75
13.7750000014,24.75
15.4750000014,24.75
16.6500000014,24.75
14.2750000025,29.75
15.7750000025,29.75
15.9500000036,34.75
17.6750000036,34.75
19.5000000036,34.75
15.5250000047,39.75
16.4750000047,39.75
17.3250000047,39.75
18.1250000047,39.75
19.2000000047,39.75
17.4250000036,44.75
18.4250000036,44.75
19.3500000036,44.75
21.2500000036,44.75
19.1249999992,49.75
20.0749999992,49.75
19.1999999949,54.75
20.2249999948,54.75
21.5249999948,54.75
19.5999999905,59.75
21.4749999905,59.75
22.5749999904,59.75
18.6999999861,64.75
20.0749999861,64.75
21.0499999861,64.75
21.8499999861,64.75
22.7249999861,64.75
23.5749999861,64.75
15.4999999818,69.75
18.4249999818,69.75
20.8749999817,69.75
23.2749999817,69.75
16.6999999774,74.75
17.9249999774,74.75
20.5249999774,74.75
16.3499999731,79.75
17.5999999731,79.75
19.974999973,79.75
21.549999973,79.75
15.7249999556,99.75
19.9249999556,99.75
16.7999999381,119.75
20.1749999337,124.75
13.5999999251,134.75
14.9499999251,134.75
13.7249999207,139.75
15.1499999207,139.75
13.8249999164,144.75
15.2749999163,144.75
13.9249999318,149.75
15.3749999319,149.75
14.0749999493,154.75
15.6499999493,154.75
14.1999999667,159.75
15.8999999668,159.75
14.2999999842,164.75
16.0249999843,164.75
14.4000000017,169.75
16.1750000018,169.75
14.5250000191,174.75
16.4750000192,174.75
14.7000000366,179.75
16.9750000367,179.75
14.7500000541,184.75
17.4250000542,184.75
14.8750000715,189.75
15.025000089,194.75
15.1500001065,199.75
15.2750001239,204.75
15.3500001414,209.75
15.4750001589,214.75
15.6500001764,219.75
15.7500001938,224.75
15.9000002113,229.75
15.9750002288,234.75
16.1500002462,239.75
16.2500002637,244.75
16.3750002812,249.75
16.5250002986,254.75
16.6000003161,259.75
16.7000003336,264.75
16.850000351,269.75
17.0000003685,274.75
17.100000386,279.75
17.1500004034,284.75
17.2750004209,289.75
17.4500004384,294.75
17.5750004559,299.75
17.6500004733,304.75
17.7500004908,309.75
17.8500005083,314.75
17.9250005257,319.75
18.0500005432,324.75
18.2000005607,329.75
