13.3750000001,5.0
14.4249999999,10.0
13.4250000003,15.0
14.3250000003,15.0
15.8500000003,15.0
14.4500000014,20.0
15.3500000014,20.0
16.0750000014,20.0
16.9750000014,20.0
18.5000000014,20.0
14.6500000025,25.0
15.5000000025,25.0
16.3250000025,25.0
17.5000000025,25.0
13.9250000036,30.0
15.5750000036,30.0
16.4250000036,30.0
17.2250000036,30.0
17.9250000036,30.0
18.7250000036,30.0
19.9500000036,30.0
15.3000000047,35.0
16.2250000047,35.0
16.9500000047,35.0
17.9000000047,35.0
18.6250000047,35.0
19.4750000047,35.0
20.8500000047,35.0
17.0000000036,40.0
18.6000000036,40.0
19.4500000036,40.0
20.2750000036,40.0
21.4500000036,40.0
14.7499999993,45.0
16.5749999993,45.0
18.2749999992,45.0
19.2249999992,45.0
19.9749999992,45.0
20.9249999992,45.0
18.6499999949,50.0
19.5249999949,50.0
20.4249999948,50.0
21.4249999948,50.0
22.2999999948,50.0
19.7249999905,55.0
21.4249999905,55.0
22.3999999905,55.0
23.4249999904,55.0
19.2249999861,60.0
20.6999999861,60.0
21.5249999861,60.0
22.5249999861,60.0
23.5999999861,60.0
14.5249999818,65.0
18.6249999818,65.0
20.4999999817,65.0
21.4499999817,65.0
22.3249999817,65.0
23.5749999817,65.0
14.3249999775,70.0
16.0499999774,70.0
17.9499999774,70.0
18.9999999774,70.0
19.9999999774,70.0
20.7749999774,70.0
21.4999999774,70.0
22.3999999774,70.0
23.5749999773,70.0
16.7499999731,75.0
21.224999973,75.0
22.224999973,75.0
17.2999999687,80.0
18.4499999687,80.0
19.5499999687,80.0
21.7249999686,80.0
22.9499999686,80.0
26.1999999686,80.0
14.6499999644,85.0
15.6499999644,85.0
18.3499999643,85.0
19.4749999643,85.0
21.7749999643,85.0
18.39999996,90.0
19.3999999599,90.0
21.5999999599,90.0
23.4749999599,90.0
25.0999999599,90.0
15.8999999556,95.0
16.8249999556,95.0
18.6749999556,95.0
19.6499999556,95.0
20.5999999556,95.0
16.6499999512,100.0
17.7499999512,100.0
18.6499999512,100.0
19.5499999512,100.0
20.4999999512,100.0
22.0499999512,100.0
17.6999999469,105.0
23.1249999468,105.0
14.2499999425,110.0
15.2499999425,110.0
17.1749999425,110.0
19.2249999425,110.0
20.2249999425,110.0
21.1999999424,110.0
14.8249999382,115.0
17.5999999381,115.0
20.3499999381,115.0
15.7249999338,120.0
17.8499999338,120.0
18.8499999338,120.0
19.4499999294,125.0
21.6999999293,125.0
13.2999999251,130.0
14.0999999251,130.0
15.1499999251,130.0
13.4999999207,135.0
14.3999999207,135.0
15.8249999207,135.0
13.5999999164,140.0
14.4999999164,140.0
15.9999999163,140.0
13.6499999318,145.0
14.5499999318,145.0
16.1249999319,145.0
13.7999999492,150.0
14.7499999493,150.0
16.3499999494,150.0
13.9249999667,155.0
14.8749999668,155.0
16.6499999669,155.0
13.9749999842,160.0
14.9249999842,160.0
16.6249999843,160.0
14.1250000016,165.0
15.0750000017,165.0
16.9500000018,165.0
14.2250000191,170.0
15.2000000192,170.0
17.4000000193,170.0
14.3500000366,175.0
15.3250000366,175.0
18.0250000368,175.0
14.425000054,180.0
15.4500000541,180.0
14.5750000715,185.0
15.6000000716,185.0
14.675000089,190.0
15.700000089,190.0
14.8000001065,195.0
15.8750001065,195.0
14.9250001239,200.0
16.025000124,200.0
15.0500001414,205.0
16.1750001415,205.0
15.1750001589,210.0
16.3250001589,210.0
15.3750001763,215.0
16.5750001764,215.0
15.4000001938,220.0
16.5750001939,220.0
15.5500002113,225.0
16.7500002113,225.0
15.6750002287,230.0
16.9500002288,230.0
15.8250002462,235.0
17.1000002463,235.0
15.9000002637,240.0
17.2000002638,240.0
16.0750002812,245.0
17.4250002812,245.0
16.1500002986,250.0
17.4750002987,250.0
16.2750003161,255.0
17.6500003162,255.0
16.3750003336,260.0
17.7500003336,260.0
16.450000351,265.0
17.8500003511,265.0
16.5750003685,270.0
18.0000003686,270.0
16.725000386,275.0
18.175000386,275.0
16.8500004034,280.0
18.3000004035,280.0
16.9000004209,285.0
18.425000421,285.0
17.0500004384,290.0
18.5250004385,290.0
17.1500004558,295.0
18.6750004559,295.0
17.2750004733,300.0
18.8250004734,300.0
17.3500004908,305.0
18.9000004909,305.0
17.4750005082,310.0
19.0250005083,310.0
17.5750005257,315.0
19.1500005258,315.0
17.7250005432,320.0
19.3000005433,320.0
17.8000005606,325.0
19.3750005607,325.0
13.3500000001,5.25
13.2999999999,10.25
14.0999999999,10.25
15.1499999999,10.25
13.4250000003,15.25
14.2750000003,15.25
15.0000000003,15.25
15.8500000003,15.25
17.1750000003,15.25
14.6000000014,20.25
15.4500000014,20.25
16.2500000014,20.25
17.2750000014,20.25
13.5500000025,25.25
14.6500000025,25.25
15.5250000025,25.25
16.3500000025,25.25
17.0500000025,25.25
17.9250000025,25.25
19.3500000025,25.25
14.9000000036,30.25
15.6750000036,30.25
16.6250000036,30.25
17.5250000036,30.25
18.4000000036,30.25
19.7250000036,30.25
16.1000000047,35.25
17.0750000047,35.25
18.4250000047,35.25
19.3750000047,35.25
21.4000000047,35.25
14.5500000037,40.25
15.4750000036,40.25
16.4000000036,40.25
17.4250000036,40.25
18.3000000036,40.25
19.0500000036,40.25
19.9750000036,40.25
16.8749999993,45.25
17.6749999993,45.25
18.4499999992,45.25
19.2249999992,45.25
20.2249999992,45.25
20.9749999992,45.25
21.9499999992,45.25
16.2749999949,50.25
17.2749999949,50.25
18.0749999949,50.25
19.1999999949,50.25
19.9999999949,50.25
20.6749999948,50.25
21.3249999948,50.25
21.9999999948,50.25
23.0749999948,50.25
18.0249999905,55.25
18.8749999905,55.25
20.2499999905,55.25
21.1249999905,55.25
21.8249999905,55.25
22.5499999905,55.25
23.5249999904,55.25
14.2249999862,60.25
16.9249999862,60.25
18.0499999861,60.25
19.6249999861,60.25
20.5249999861,60.25
21.4249999861,60.25
22.4999999861,60.25
23.5499999861,60.25
17.7499999818,65.25
19.9749999818,65.25
21.6249999817,65.25
23.8249999817,65.25
14.6499999775,70.25
19.5999999774,70.25
21.6249999774,70.25
22.6249999774,70.25
23.5249999773,70.25
24.4749999773,70.25
16.3499999731,75.25
18.799999973,75.25
19.724999973,75.25
21.649999973,75.25
22.649999973,75.25
23.699999973,75.25
24.599999973,75.25
26.9999999729,75.25
14.2999999687,80.25
15.4999999687,80.25
16.4749999687,80.25
18.3499999687,80.25
19.6499999687,80.25
27.2249999686,80.25
18.6749999643,85.25
20.8999999643,85.25
21.9749999643,85.25
24.1749999642,85.25
25.6499999642,85.25
14.32499996,90.25
15.32499996,90.25
16.32499996,90.25
17.59999996,90.25
18.8499999599,90.25
21.4999999599,90.25
22.7999999599,90.25
24.3249999599,90.25
17.6499999556,95.25
18.7499999556,95.25
19.6249999556,95.25
22.1999999555,95.25
16.5999999512,100.25
19.4499999512,100.25
20.5249999512,100.25
21.4999999512,100.25
18.7749999468,105.25
20.8249999425,110.25
17.5249999381,115.25
20.0749999381,115.25
21.0499999381,115.25
24.824999938,115.25
15.8249999338,120.25
18.2499999338,120.25
20.7499999337,120.25
21.9249999337,120.25
18.4249999294,125.25
20.8749999294,125.25
22.0249999293,125.25
13.2749999251,130.25
14.0999999251,130.25
15.1249999251,130.25
13.4749999207,135.25
14.3749999207,135.25
15.7999999207,135.25
13.5999999164,140.25
14.4999999164,140.25
15.9999999163,140.25
13.6499999318,145.25
14.5749999318,145.25
16.1249999319,145.25
13.7249999492,150.25
14.6749999493,150.25
16.2499999494,150.25
13.8499999667,155.25
14.7749999668,155.25
16.3999999668,155.25
13.9749999842,160.25
14.9249999842,160.25
16.6249999843,160.25
14.1000000016,165.25
15.0500000017,165.25
16.8000000018,165.25
14.2250000191,170.25
15.2000000192,170.25
17.2250000193,170.25
14.3000000366,175.25
15.3000000366,175.25
17.5500000368,175.25
14.450000054,180.25
15.4500000541,180.25
14.6250000715,185.25
15.6750000716,185.25
14.675000089,190.25
15.750000089,190.25
14.8000001065,195.25
15.8750001065,195.25
14.9250001239,200.25
16.025000124,200.25
15.0500001414,205.25
16.1750001415,205.25
15.2000001589,210.25
16.3500001589,210.25
15.3000001763,215.25
16.4500001764,215.25
15.4500001938,220.25
16.6500001939,220.25
15.5500002113,225.25
16.7500002113,225.25
15.6750002287,230.25
16.9500002288,230.25
15.8000002462,235.25
17.0750002463,235.25
15.9250002637,240.25
17.2250002638,240.25
16.0250002811,245.25
17.3250002812,245.25
16.1500002986,250.25
17.5000002987,250.25
16.1250003161,255.25
17.4750003162,255.25
16.3750003336,260.25
17.7750003336,260.25
16.475000351,265.25
17.8750003511,265.25
16.6000003685,270.25
18.0000003686,270.25
16.775000386,275.25
18.225000386,275.25
16.8250004034,280.25
18.2750004035,280.25
16.9500004209,285.25
18.425000421,285.25
17.0500004384,290.25
18.5500004385,290.25
17.2000004558,295.25
18.7500004559,295.25
17.2000004733,300.25
18.7250004734,300.25
17.3750004908,305.25
18.9000004909,305.25
17.4750005082,310.25
19.0500005083,310.25
17.6000005257,315.25
19.1750005258,315.25
17.6750005432,320.25
19.2500005433,320.25
17.7750005606,325.25
19.3750005607,325.25
13.3750000001,5.5
13.2999999999,10.5
14.0999999999,10.5
15.1249999999,10.5
13.5250000003,15.5
14.5750000003,15.5
14.6500000014,20.5
15.9750000014,20.5
13.5250000025,25.5
14.3750000025,25.5
15.1750000025,25.5
15.8250000025,25.5
16.4250000025,25.5
17.0750000025,25.5
17.8000000025,25.5
18.8250000025,25.5
13.7500000036,30.5
14.5500000036,30.5
15.4500000036,30.5
16.4000000036,30.5
17.2250000036,30.5
17.9250000036,30.5
18.7500000036,30.5
20.0000000036,30.5
13.8000000047,35.5
14.6000000047,35.5
15.5500000047,35.5
16.5000000047,35.5
17.3250000047,35.5
18.0250000047,35.5
18.9000000047,35.5
20.3000000047,35.5
15.4250000037,40.5
16.4750000036,40.5
17.5500000036,40.5
18.5750000036,40.5
19.5000000036,40.5
20.3750000036,40.5
21.7750000036,40.5
15.4999999993,45.5
16.4249999993,45.5
17.2749999993,45.5
18.3749999992,45.5
19.2249999992,45.5
19.8999999992,45.5
20.7249999992,45.5
21.9749999992,45.5
13.8499999949,50.5
17.6499999949,50.5
18.4999999949,50.5
19.3249999949,50.5
20.0749999949,50.5
21.0249999948,50.5
21.7499999948,50.5
23.2749999948,50.5
15.5499999906,55.5
16.4999999905,55.5
17.3999999905,55.5
18.2249999905,55.5
19.3249999905,55.5
20.1499999905,55.5
20.8499999905,55.5
21.6499999905,55.5
22.5249999905,55.5
14.5249999862,60.5
18.7499999861,60.5
20.5499999861,60.5
21.7749999861,60.5
22.8499999861,60.5
23.8499999861,60.5
16.4749999818,65.5
19.3999999818,65.5
20.7249999817,65.5
21.6749999817,65.5
16.0749999774,70.5
21.6249999774,70.5
22.6499999774,70.5
23.5499999773,70.5
15.7749999731,75.5
18.1999999731,75.5
20.824999973,75.5
25.6749999729,75.5
26.8499999729,75.5
16.0749999687,80.5
17.9999999687,80.5
19.1499999687,80.5
20.0249999687,80.5
20.8499999686,80.5
25.6249999686,80.5
18.3749999643,85.5
16.59999996,90.5
19.2749999599,90.5
21.6249999599,90.5
15.8749999556,95.5
18.8499999556,95.5
21.4249999555,95.5
14.4499999513,100.5
17.5749999512,100.5
21.3749999512,100.5
17.6749999469,105.5
18.6999999469,105.5
21.4999999468,105.5
22.8499999468,105.5
16.9249999425,110.5
18.4249999425,110.5
20.4249999425,110.5
21.5249999424,110.5
22.7249999424,110.5
16.0499999382,115.5
16.9999999381,115.5
16.7249999338,120.5
21.5999999337,120.5
22.9499999337,120.5
15.8999999294,125.5
16.9499999294,125.5
18.9249999294,125.5
13.3999999251,130.5
14.2999999251,130.5
15.6749999251,130.5
13.4999999207,135.5
14.3999999207,135.5
15.8249999207,135.5
13.5999999164,140.5
14.4999999164,140.5
15.9999999163,140.5
13.6749999318,145.5
14.5999999318,145.5
16.1499999319,145.5
13.7499999492,150.5
14.6749999493,150.5
16.2499999494,150.5
13.8999999667,155.5
14.8499999668,155.5
16.6499999669,155.5
13.9999999842,160.5
14.9499999842,160.5
16.7499999843,160.5
14.1250000016,165.5
15.1000000017,165.5
17.2750000018,165.5
14.2000000191,170.5
15.2000000192,170.5
17.4250000193,170.5
14.3750000366,175.5
15.3750000366,175.5
18.5250000368,175.5
14.450000054,180.5
15.4500000541,180.5
14.5250000715,185.5
15.5500000716,185.5
14.675000089,190.5
15.700000089,190.5
14.8000001065,195.5
15.8750001065,195.5
14.9250001239,200.5
16.000000124,200.5
15.0500001414,205.5
16.2000001415,205.5
15.1500001589,210.5
16.3000001589,210.5
15.3250001763,215.5
16.4750001764,215.5
15.5250001938,220.5
16.7250001939,220.5
15.5500002113,225.5
16.8000002113,225.5
15.6750002287,230.5
16.9250002288,230.5
15.8000002462,235.5
17.0750002463,235.5
15.9250002637,240.5
17.2250002638,240.5
16.0000002811,245.5
17.3250002812,245.5
16.1500002986,250.5
17.5000002987,250.5
16.2250003161,255.5
17.5500003162,255.5
16.3750003336,260.5
17.7750003336,260.5
16.475000351,265.5
17.8500003511,265.5
16.6000003685,270.5
18.0000003686,270.5
16.700000386,275.5
18.100000386,275.5
16.8750004034,280.5
18.3500004035,280.5
16.9250004209,285.5
18.425000421,285.5
17.0750004384,290.5
18.5750004385,290.5
17.1500004558,295.5
18.6500004559,295.5
17.3000004733,300.5
18.8250004734,300.5
17.3750004908,305.5
18.9250004909,305.5
17.5000005082,310.5
19.0500005083,310.5
17.6000005257,315.5
19.1750005258,315.5
17.7000005432,320.5
19.2750005433,320.5
17.7500005606,325.5
19.3500005607,325.5
13.4250000001,5.75
13.2749999999,10.75
14.0749999999,10.75
15.1249999999,10.75
13.4000000003,15.75
14.2750000003,15.75
14.9750000003,15.75
15.8250000003,15.75
17.1750000003,15.75
13.4500000014,20.75
14.3500000014,20.75
15.4000000014,20.75
16.2250000014,20.75
17.3750000014,20.75
13.5500000025,25.75
14.6500000025,25.75
15.5750000025,25.75
16.3750000025,25.75
17.1000000025,25.75
17.9750000025,25.75
19.3750000025,25.75
14.9000000036,30.75
15.6750000036,30.75
16.4000000036,30.75
17.1500000036,30.75
18.0750000036,30.75
20.1750000036,30.75
15.7750000047,35.75
16.6000000047,35.75
17.5750000047,35.75
18.5000000047,35.75
19.4000000047,35.75
21.1500000047,35.75
15.7750000036,40.75
17.4500000036,40.75
18.3500000036,40.75
19.1500000036,40.75
19.8000000036,40.75
20.5500000036,40.75
21.5750000036,40.75
14.8499999993,45.75
15.7749999993,45.75
17.4749999993,45.75
18.3999999992,45.75
19.2249999992,45.75
20.3749999992,45.75
21.2249999992,45.75
13.8249999949,50.75
15.7999999949,50.75
16.5999999949,50.75
17.5999999949,50.75
18.4999999949,50.75
19.4249999949,50.75
20.4749999948,50.75
21.3499999948,50.75
16.0749999905,55.75
17.7499999905,55.75
18.5749999905,55.75
19.4999999905,55.75
20.4499999905,55.75
21.2749999905,55.75
21.9999999905,55.75
22.6749999904,55.75
23.9749999904,55.75
15.6749999862,60.75
17.8499999862,60.75
19.4999999861,60.75
20.3999999861,60.75
21.1999999861,60.75
21.8999999861,60.75
22.5749999861,60.75
23.3749999861,60.75
24.2749999861,60.75
16.1749999818,65.75
19.8499999818,65.75
20.6749999817,65.75
21.7499999817,65.75
22.7749999817,65.75
24.7249999817,65.75
21.3749999774,70.75
23.3749999773,70.75
19.724999973,75.75
20.849999973,75.75
23.424999973,75.75
13.8499999687,80.75
14.7999999687,80.75
16.5749999687,80.75
18.6999999687,80.75
19.7499999687,80.75
20.6999999686,80.75
21.5499999686,80.75
24.8749999686,80.75
14.5999999644,85.75
19.5249999643,85.75
20.6999999643,85.75
24.7499999642,85.75
19.7499999599,90.75
20.8999999599,90.75
14.7249999556,95.75
15.8749999556,95.75
16.7499999556,95.75
21.5999999555,95.75
22.8749999555,95.75
17.5249999512,100.75
19.9499999512,100.75
21.0749999512,100.75
22.1749999512,100.75
15.5249999469,105.75
17.6499999469,105.75
18.6999999469,105.75
19.6749999468,105.75
21.6999999468,105.75
16.6249999425,110.75
19.5499999425,110.75
20.5999999425,110.75
21.5999999424,110.75
14.2249999382,115.75
16.1499999382,115.75
13.8499999338,120.75
15.7999999338,120.75
20.3499999337,120.75
24.6249999337,120.75
16.3499999294,125.75
18.8999999294,125.75
19.9749999294,125.75
20.9999999294,125.75
13.3999999251,130.75
14.2999999251,130.75
15.6999999251,130.75
13.5499999207,135.75
14.4499999207,135.75
15.8749999207,135.75
13.5999999164,140.75
14.4999999164,140.75
15.9499999163,140.75
13.6499999318,145.75
14.5749999318,145.75
16.0999999319,145.75
13.8499999492,150.75
14.7749999493,150.75
16.5249999494,150.75
13.8749999667,155.75
14.8249999668,155.75
16.4749999669,155.75
13.9999999842,160.75
14.9499999842,160.75
16.7749999843,160.75
14.0750000016,165.75
15.0500000017,165.75
17.0500000018,165.75
14.2000000191,170.75
15.2000000192,170.75
17.4500000193,170.75
14.2750000366,175.75
15.2750000366,175.75
17.5000000368,175.75
14.450000054,180.75
15.4750000541,180.75
14.6000000715,185.75
15.6250000716,185.75
14.675000089,190.75
15.750000089,190.75
14.8500001065,195.75
15.9250001065,195.75
15.0000001239,200.75
16.125000124,200.75
15.1000001414,205.75
16.2250001415,205.75
15.1750001589,210.75
16.3250001589,210.75
15.3250001763,215.75
16.5000001764,215.75
15.4000001938,220.75
16.5750001939,220.75
15.6000002113,225.75
16.8250002113,225.75
15.6000002287,230.75
16.8500002288,230.75
15.8000002462,235.75
17.0750002463,235.75
15.9250002637,240.75
17.2000002638,240.75
16.0750002812,245.75
17.4000002812,245.75
16.0750002986,250.75
17.4250002987,250.75
16.2500003161,255.75
17.6000003162,255.75
16.3000003336,260.75
17.6750003336,260.75
16.525000351,265.75
17.9250003511,265.75
16.5500003685,270.75
17.9500003686,270.75
16.775000386,275.75
18.225000386,275.75
16.8000004034,280.75
18.2500004035,280.75
16.9000004209,285.75
18.375000421,285.75
17.0500004384,290.75
18.5500004385,290.75
17.1250004558,295.75
18.6250004559,295.75
17.2250004733,300.75
18.7500004734,300.75
17.3500004908,305.75
18.9000004909,305.75
17.4000005082,310.75
18.9500005083,310.75
17.6000005257,315.75
19.1750005258,315.75
17.6750005432,320.75
19.2500005433,320.75
17.8250005606,325.75
19.4000005607,325.75
13.3750000001,6.0
13.3749999999,11.0
13.3750000003,16.0
14.2500000003,16.0
14.9500000003,16.0
15.7750000003,16.0
17.0500000003,16.0
14.6500000014,21.0
15.4750000014,21.0
16.2750000014,21.0
17.3750000014,21.0
14.7500000025,26.0
15.5500000025,26.0
16.3750000025,26.0
17.5500000025,26.0
13.9250000036,31.0
14.7500000036,31.0
15.8750000036,31.0
16.6750000036,31.0
17.7000000036,31.0
15.4000000047,36.0
16.3250000047,36.0
17.1000000047,36.0
17.7500000047,36.0
18.5250000047,36.0
19.6250000047,36.0
16.8000000036,41.0
17.6250000036,41.0
18.6000000036,41.0
19.4750000036,41.0
20.4000000036,41.0
22.0000000036,41.0
15.8999999993,46.0
16.7499999993,46.0
18.2249999992,46.0
19.1499999992,46.0
19.8999999992,46.0
20.8249999992,46.0
15.6249999949,51.0
17.4499999949,51.0
18.5499999949,51.0
19.5249999949,51.0
20.3499999948,51.0
21.0999999948,51.0
21.7249999948,51.0
22.5249999948,51.0
14.3999999906,56.0
15.5999999906,56.0
16.5249999905,56.0
17.6499999905,56.0
18.5999999905,56.0
19.4249999905,56.0
20.2249999905,56.0
20.9249999905,56.0
21.7499999905,56.0
22.6249999904,56.0
19.0999999861,61.0
19.9999999861,61.0
20.7249999861,61.0
21.6249999861,61.0
22.5999999861,61.0
23.5499999861,61.0
15.5999999818,66.0
17.7249999818,66.0
18.6499999818,66.0
19.4749999818,66.0
20.2749999818,66.0
20.9749999817,66.0
21.5999999817,66.0
22.2999999817,66.0
23.0249999817,66.0
24.6499999817,66.0
15.5749999775,71.0
16.5749999774,71.0
18.6999999774,71.0
19.8499999774,71.0
21.6749999774,71.0
24.6249999773,71.0
25.7749999773,71.0
19.724999973,76.0
21.649999973,76.0
22.649999973,76.0
15.9749999687,81.0
22.5499999686,81.0
16.4749999643,86.0
17.5249999643,86.0
18.4749999643,86.0
19.4499999643,86.0
21.6749999643,86.0
15.99999996,91.0
16.89999996,91.0
17.74999996,91.0
19.8999999599,91.0
20.8249999599,91.0
23.8249999599,91.0
25.4999999598,91.0
18.2499999556,96.0
20.8249999556,96.0
21.6999999555,96.0
22.8249999555,96.0
21.5249999512,101.0
23.0249999512,101.0
14.5249999469,106.0
15.5499999469,106.0
17.4249999469,106.0
18.4999999469,106.0
20.8499999468,106.0
14.5249999425,111.0
15.6749999425,111.0
16.5999999425,111.0
19.1499999425,111.0
20.4749999425,111.0
25.1249999424,111.0
16.7249999381,116.0
17.7749999381,116.0
18.7749999381,116.0
20.9999999381,116.0
14.5999999338,121.0
19.4749999337,121.0
21.6999999337,121.0
17.7499999294,126.0
20.5499999294,126.0
21.5749999293,126.0
13.3749999251,131.0
13.5249999207,136.0
14.4249999207,136.0
15.8999999207,136.0
13.5749999164,141.0
14.4749999164,141.0
15.9249999163,141.0
13.6749999318,146.0
14.5999999318,146.0
16.1249999319,146.0
13.7999999492,151.0
14.7499999493,151.0
16.3749999494,151.0
13.8999999667,156.0
14.8249999668,156.0
16.5999999669,156.0
13.9999999842,161.0
14.9499999842,161.0
16.7249999843,161.0
14.1000000016,166.0
15.0500000017,166.0
16.9250000018,166.0
14.2250000191,171.0
15.2250000192,171.0
17.4750000193,171.0
14.3750000366,176.0
15.3750000366,176.0
14.375000054,181.0
15.4000000541,181.0
14.5750000715,186.0
15.6250000716,186.0
14.700000089,191.0
15.750000089,191.0
14.8250001065,196.0
15.9000001065,196.0
14.9500001239,201.0
16.050000124,201.0
15.0250001414,206.0
16.1250001415,206.0
15.1250001589,211.0
16.2750001589,211.0
15.2250001763,216.0
16.3750001764,216.0
15.4750001938,221.0
16.6750001939,221.0
15.5250002113,226.0
16.7500002113,226.0
15.7000002287,231.0
16.9500002288,231.0
15.7750002462,236.0
17.0250002463,236.0
15.9000002637,241.0
17.2000002638,241.0
16.0250002811,246.0
17.3500002812,246.0
16.1750002986,251.0
17.5500002987,251.0
16.2000003161,256.0
17.5500003162,256.0
16.3500003336,261.0
17.7250003336,261.0
16.450000351,266.0
17.8500003511,266.0
16.6000003685,271.0
18.0000003686,271.0
16.725000386,276.0
18.175000386,276.0
16.8500004034,281.0
18.3250004035,281.0
16.9250004209,286.0
18.400000421,286.0
17.0250004384,291.0
18.5250004385,291.0
17.2000004558,296.0
18.7250004559,296.0
17.2000004733,301.0
18.7250004734,301.0
17.3750004908,306.0
18.9000004909,306.0
17.5000005082,311.0
19.0250005083,311.0
17.5750005257,316.0
19.1500005258,316.0
17.6750005432,321.0
19.2500005433,321.0
17.8500005606,326.0
19.4250005607,326.0
13.3750000001,6.25
13.3749999999,11.25
13.4250000003,16.25
14.2750000003,16.25
15.0000000003,16.25
15.8500000003,16.25
17.1750000003,16.25
13.5500000014,21.25
14.6500000014,21.25
15.5500000014,21.25
16.5000000014,21.25
18.1750000014,21.25
13.6500000025,26.25
15.3000000025,26.25
16.2250000025,26.25
18.0500000025,26.25
15.3000000036,31.25
16.5750000036,31.25
17.4250000036,31.25
18.2250000036,31.25
19.3500000036,31.25
13.9250000047,36.25
15.5250000047,36.25
16.4250000047,36.25
17.2500000047,36.25
17.9250000047,36.25
18.7500000047,36.25
19.9500000047,36.25
15.6000000036,41.25
16.4750000036,41.25
17.3750000036,41.25
18.3750000036,41.25
19.2500000036,41.25
19.9750000036,41.25
20.8500000036,41.25
22.3750000035,41.25
13.9999999993,46.25
15.8999999993,46.25
17.5999999993,46.25
18.9749999992,46.25
19.7999999992,46.25
20.4999999992,46.25
21.2499999992,46.25
22.2749999992,46.25
17.9249999949,51.25
19.5999999949,51.25
21.1499999948,51.25
22.0249999948,51.25
15.6999999905,56.25
16.7749999905,56.25
18.6249999905,56.25
20.3499999905,56.25
21.3249999905,56.25
22.0999999905,56.25
15.6749999862,61.25
16.7749999862,61.25
17.6249999862,61.25
18.8999999861,61.25
19.7499999861,61.25
20.5249999861,61.25
21.3499999861,61.25
22.4499999861,61.25
23.4999999861,61.25
15.7499999818,66.25
17.8249999818,66.25
18.8249999818,66.25
19.5999999818,66.25
20.6499999817,66.25
21.5749999817,66.25
22.4499999817,66.25
23.3999999817,66.25
24.5749999817,66.25
15.3749999775,71.25
17.8749999774,71.25
20.0749999774,71.25
20.9499999774,71.25
22.4249999774,71.25
24.8499999773,71.25
15.7499999731,76.25
17.9999999731,76.25
20.199999973,76.25
21.174999973,76.25
22.549999973,76.25
23.649999973,76.25
24.799999973,76.25
25.7499999729,76.25
19.4249999687,81.25
22.0749999686,81.25
23.4249999686,81.25
24.5249999686,81.25
25.5999999686,81.25
26.7999999686,81.25
15.6749999644,86.25
18.4749999643,86.25
20.7249999643,86.25
21.6999999643,86.25
22.6999999643,86.25
15.84999996,91.25
18.09999996,91.25
27.7749999598,91.25
14.6249999556,96.25
19.4749999556,96.25
20.6749999556,96.25
21.7499999555,96.25
17.3749999512,101.25
20.5249999512,101.25
14.0499999469,106.25
15.1749999469,106.25
16.8749999469,106.25
18.9999999468,106.25
20.0999999468,106.25
14.0499999426,111.25
15.1499999425,111.25
16.8749999425,111.25
17.8999999425,111.25
18.8499999425,111.25
20.8749999425,111.25
15.7499999382,116.25
18.8749999381,116.25
21.4999999381,116.25
15.6249999338,121.25
16.5999999338,121.25
17.4499999338,121.25
18.5249999338,121.25
19.8499999337,121.25
20.9499999337,121.25
21.7999999337,121.25
15.9749999294,126.25
17.2999999294,126.25
18.3249999294,126.25
19.3249999294,126.25
20.2249999294,126.25
21.9499999293,126.25
14.4499999251,131.25
13.4749999207,136.25
14.3749999207,136.25
15.7749999207,136.25
13.6249999164,141.25
14.5499999164,141.25
16.0499999163,141.25
13.6749999318,146.25
14.5999999318,146.25
16.0749999319,146.25
13.7749999492,151.25
14.6999999493,151.25
16.2999999494,151.25
13.8249999667,156.25
14.7749999668,156.25
16.3999999668,156.25
13.9749999842,161.25
14.9249999842,161.25
16.6999999843,161.25
14.1000000016,166.25
15.0500000017,166.25
16.9500000018,166.25
14.1750000191,171.25
15.1500000192,171.25
17.2750000193,171.25
14.2500000366,176.25
15.2250000366,176.25
17.3250000368,176.25
14.425000054,181.25
15.4250000541,181.25
18.6000000543,181.25
14.6000000715,186.25
15.6250000716,186.25
14.675000089,191.25
15.725000089,191.25
14.7750001065,196.25
15.8500001065,196.25
14.9250001239,201.25
16.025000124,201.25
15.0750001414,206.25
16.2000001415,206.25
15.1750001589,211.25
16.3500001589,211.25
15.3500001763,216.25
16.5250001764,216.25
15.4000001938,221.25
16.5750001939,221.25
15.5500002113,226.25
16.7500002113,226.25
15.6750002287,231.25
16.9250002288,231.25
15.7750002462,236.25
17.0500002463,236.25
15.9250002637,241.25
17.2250002638,241.25
16.0500002811,246.25
17.3500002812,246.25
16.1000002986,251.25
17.4500002987,251.25
16.2500003161,256.25
17.6250003162,256.25
16.3750003336,261.25
17.7750003336,261.25
16.475000351,266.25
17.9000003511,266.25
16.5750003685,271.25
18.0000003686,271.25
16.700000386,276.25
18.125000386,276.25
16.8750004034,281.25
18.3250004035,281.25
16.9250004209,286.25
18.425000421,286.25
17.0500004384,291.25
18.5500004385,291.25
17.1500004558,296.25
18.6500004559,296.25
17.2250004733,301.25
18.7500004734,301.25
17.3750004908,306.25
18.9000004909,306.25
17.4500005082,311.25
19.0000005083,311.25
17.6000005257,316.25
19.1750005258,316.25
17.6750005432,321.25
19.2500005433,321.25
17.8500005606,326.25
19.4500005607,326.25
13.4000000001,6.5
13.3999999999,11.5
14.2999999999,11.5
15.7249999999,11.5
14.3500000003,16.5
15.2750000003,16.5
16.9500000003,16.5
13.5750000014,21.5
14.7000000014,21.5
15.5500000014,21.5
16.4750000014,21.5
18.3000000014,21.5
13.5250000025,26.5
14.6000000025,26.5
15.5000000025,26.5
16.2750000025,26.5
17.0000000025,26.5
17.8500000025,26.5
19.2000000025,26.5
13.7250000036,31.5
14.5500000036,31.5
15.4500000036,31.5
16.4250000036,31.5
17.2750000036,31.5
18.5750000036,31.5
15.1000000047,36.5
16.5750000047,36.5
17.4250000047,36.5
18.2000000047,36.5
18.8500000047,36.5
19.6250000047,36.5
20.6500000047,36.5
14.5750000037,41.5
15.8000000036,41.5
17.5000000036,41.5
18.5500000036,41.5
19.4750000036,41.5
20.4000000036,41.5
22.0000000036,41.5
16.7749999993,46.5
18.5249999992,46.5
19.3999999992,46.5
20.1499999992,46.5
21.1499999992,46.5
14.2749999949,51.5
16.1749999949,51.5
17.6999999949,51.5
18.5499999949,51.5
19.3499999949,51.5
20.0749999949,51.5
20.9749999948,51.5
21.6749999948,51.5
22.7249999948,51.5
14.0249999906,56.5
16.6499999905,56.5
18.6749999905,56.5
19.5249999905,56.5
20.3749999905,56.5
21.1249999905,56.5
21.7999999905,56.5
22.7999999904,56.5
14.7499999862,61.5
17.6749999862,61.5
19.6249999861,61.5
21.3749999861,61.5
22.3499999861,61.5
23.6499999861,61.5
15.8999999818,66.5
19.0499999818,66.5
20.0749999818,66.5
21.5999999817,66.5
20.0249999774,71.5
20.8999999774,71.5
22.3499999774,71.5
23.4499999773,71.5
25.4249999773,71.5
16.5999999731,76.5
19.224999973,76.5
22.149999973,76.5
24.899999973,76.5
14.2749999687,81.5
16.1499999687,81.5
18.7499999687,81.5
14.1999999644,86.5
16.5249999643,86.5
17.5749999643,86.5
14.19999996,91.5
16.09999996,91.5
17.37499996,91.5
18.8999999599,91.5
19.7749999599,91.5
21.6749999599,91.5
14.1999999556,96.5
16.5749999556,96.5
21.4499999555,96.5
22.6249999555,96.5
24.1249999555,96.5
14.0749999513,101.5
14.9749999513,101.5
16.6499999512,101.5
17.6249999512,101.5
19.6999999512,101.5
21.8499999512,101.5
15.9749999469,106.5
17.1249999469,106.5
17.9749999469,106.5
19.8749999468,106.5
20.7499999468,106.5
16.5249999425,111.5
18.1499999425,111.5
19.5499999425,111.5
21.5249999424,111.5
13.9999999382,116.5
15.0499999382,116.5
15.8749999382,116.5
16.6749999381,116.5
17.8499999381,116.5
18.8999999381,116.5
20.7999999381,116.5
21.7999999381,116.5
23.574999938,116.5
16.0499999338,121.5
17.3249999338,121.5
18.3749999338,121.5
19.6999999337,121.5
19.5499999294,126.5
13.2499999251,131.5
14.0749999251,131.5
15.1249999251,131.5
13.4499999207,136.5
14.3499999207,136.5
15.7499999207,136.5
13.6249999164,141.5
14.5499999164,141.5
16.0249999163,141.5
13.6749999318,146.5
14.5999999318,146.5
16.1249999319,146.5
13.7749999492,151.5
14.6999999493,151.5
16.3499999494,151.5
13.8499999667,156.5
14.7999999668,156.5
16.4499999669,156.5
13.9249999842,161.5
14.8749999842,161.5
16.5749999843,161.5
14.1000000016,166.5
15.0500000017,166.5
16.9250000018,166.5
14.2000000191,171.5
15.1750000192,171.5
17.2000000193,171.5
14.3000000366,176.5
15.3000000366,176.5
14.450000054,181.5
15.4500000541,181.5
14.6000000715,186.5
15.6250000716,186.5
14.650000089,191.5
15.725000089,191.5
14.8750001065,196.5
15.9750001065,196.5
14.9250001239,201.5
16.025000124,201.5
15.0500001414,206.5
16.1750001415,206.5
15.1750001589,211.5
16.3250001589,211.5
15.3750001763,216.5
16.6000001764,216.5
15.4000001938,221.5
16.6000001939,221.5
15.5500002113,226.5
16.7500002113,226.5
15.6250002287,231.5
16.8750002288,231.5
15.8250002462,236.5
17.1000002463,236.5
15.9000002637,241.5
17.1750002638,241.5
16.0000002811,246.5
17.3000002812,246.5
16.1500002986,251.5
17.4750002987,251.5
16.2500003161,256.5
17.6250003162,256.5
16.3750003336,261.5
17.7500003336,261.5
16.500000351,266.5
17.9000003511,266.5
16.6000003685,271.5
18.0250003686,271.5
16.700000386,276.5
18.125000386,276.5
16.8000004034,281.5
18.2500004035,281.5
16.9250004209,286.5
18.425000421,286.5
17.0500004384,291.5
18.5250004385,291.5
17.1500004558,296.5
18.6750004559,296.5
17.2750004733,301.5
18.8000004734,301.5
17.3000004908,306.5
18.8500004909,306.5
17.4500005082,311.5
19.0000005083,311.5
17.5750005257,316.5
19.1750005258,316.5
17.6750005432,321.5
19.2500005433,321.5
17.8250005606,326.5
19.4000005607,326.5
13.4000000001,6.75
13.3999999999,11.75
14.2999999999,11.75
15.6999999999,11.75
13.4000000003,16.75
14.3000000003,16.75
15.7250000003,16.75
13.5500000014,21.75
14.4000000014,21.75
15.2000000014,21.75
16.2250000014,21.75
13.5500000025,26.75
14.4250000025,26.75
15.2250000025,26.75
16.2500000025,26.75
17.0250000025,26.75
18.0000000025,26.75
13.6250000036,31.75
14.8000000036,31.75
15.6500000036,31.75
16.6250000036,31.75
17.5500000036,31.75
18.4000000036,31.75
19.6250000036,31.75
13.8000000047,36.75
15.4750000047,36.75
16.5250000047,36.75
17.5500000047,36.75
18.4750000047,36.75
20.0500000047,36.75
15.4500000037,41.75
16.6500000036,41.75
17.5500000036,41.75
18.4000000036,41.75
19.1750000036,41.75
20.1750000036,41.75
18.6249999992,46.75
19.4999999992,46.75
20.2999999992,46.75
21.0499999992,46.75
21.9499999992,46.75
15.5749999949,51.75
17.5249999949,51.75
18.4249999949,51.75
19.2749999949,51.75
20.3749999948,51.75
21.2249999948,51.75
14.0499999906,56.75
15.1999999906,56.75
16.7999999905,56.75
18.6499999905,56.75
19.5249999905,56.75
20.3999999905,56.75
21.4249999905,56.75
22.2999999905,56.75
15.7249999862,61.75
16.8249999862,61.75
17.6749999862,61.75
19.0499999861,61.75
19.9499999861,61.75
20.6499999861,61.75
21.5249999861,61.75
22.5249999861,61.75
23.4499999861,61.75
24.3749999861,61.75
14.6999999818,66.75
17.2749999818,66.75
18.5249999818,66.75
19.4999999818,66.75
20.6499999817,66.75
21.6249999817,66.75
24.4999999817,66.75
14.1749999775,71.75
15.1499999775,71.75
16.6749999774,71.75
19.3749999774,71.75
20.5499999774,71.75
21.5999999774,71.75
22.4999999774,71.75
23.4749999773,71.75
24.4249999773,71.75
14.0999999731,76.75
15.3499999731,76.75
16.9749999731,76.75
19.799999973,76.75
22.399999973,76.75
23.524999973,76.75
24.524999973,76.75
25.5249999729,76.75
16.0749999687,81.75
17.2499999687,81.75
23.5249999686,81.75
24.6249999686,81.75
25.7249999686,81.75
16.7249999643,86.75
19.0999999643,86.75
21.9249999643,86.75
27.4749999642,86.75
16.49999996,91.75
19.1249999599,91.75
21.2999999599,91.75
22.6749999599,91.75
14.0499999556,96.75
15.1749999556,96.75
16.9249999556,96.75
19.7999999556,96.75
22.5749999555,96.75
15.4499999513,101.75
16.3999999512,101.75
17.3749999512,101.75
18.2249999512,101.75
19.7499999512,101.75
21.9749999512,101.75
23.9499999511,101.75
14.0999999469,106.75
15.9749999469,106.75
17.0249999469,106.75
18.7249999469,106.75
19.5999999468,106.75
20.4999999468,106.75
21.3999999468,106.75
22.2499999468,106.75
23.8749999468,106.75
15.9499999425,111.75
18.1249999425,111.75
20.0499999425,111.75
22.0499999424,111.75
14.8749999382,116.75
15.8249999382,116.75
16.7249999381,116.75
18.9249999381,116.75
21.0249999381,116.75
14.0499999338,121.75
15.1749999338,121.75
16.8749999338,121.75
21.5999999337,121.75
16.5249999294,126.75
13.3999999251,131.75
14.2999999251,131.75
15.7249999251,131.75
13.4999999207,136.75
14.3999999207,136.75
15.8249999207,136.75
13.5999999164,141.75
14.5249999164,141.75
15.9999999163,141.75
13.6499999318,146.75
14.5499999318,146.75
16.0749999319,146.75
13.7749999492,151.75
14.6999999493,151.75
16.2999999494,151.75
13.8749999667,156.75
14.8249999668,156.75
16.5249999669,156.75
13.9499999842,161.75
14.8999999842,161.75
16.5749999843,161.75
14.1000000016,166.75
15.0500000017,166.75
16.8500000018,166.75
14.2250000191,171.75
15.2000000192,171.75
17.3250000193,171.75
14.3000000366,176.75
15.2750000366,176.75
17.6000000368,176.75
14.425000054,181.75
15.4250000541,181.75
14.5750000715,186.75
15.6000000716,186.75
14.700000089,191.75
15.775000089,191.75
14.8500001065,196.75
15.9250001065,196.75
15.0000001239,201.75
16.100000124,201.75
15.0250001414,206.75
16.1500001415,206.75
15.1000001589,211.75
16.2250001589,211.75
15.3000001763,216.75
16.4750001764,216.75
15.4250001938,221.75
16.6250001939,221.75
15.5750002113,226.75
16.8000002113,226.75
15.6750002287,231.75
16.9500002288,231.75
15.7750002462,236.75
17.0500002463,236.75
15.9250002637,241.75
17.2250002638,241.75
16.0500002811,246.75
17.3750002812,246.75
16.1500002986,251.75
17.4750002987,251.75
16.2500003161,256.75
17.6250003162,256.75
16.3750003336,261.75
17.7500003336,261.75
16.425000351,266.75
17.8500003511,266.75
16.5750003685,271.75
17.9750003686,271.75
16.675000386,276.75
18.100000386,276.75
16.8500004034,281.75
18.3000004035,281.75
17.0000004209,286.75
18.475000421,286.75
17.0250004384,291.75
18.5250004385,291.75
17.1750004558,296.75
18.6750004559,296.75
17.2500004733,301.75
18.8000004734,301.75
17.3750004908,306.75
18.9500004909,306.75
17.4750005082,311.75
19.0250005083,311.75
17.5750005257,316.75
19.1500005258,316.75
17.6750005432,321.75
19.2500005433,321.75
17.8500005606,326.75
19.4250005607,326.75
13.3750000001,7.0
13.2999999999,12.0
14.0999999999,12.0
15.1499999999,12.0
14.4500000003,17.0
15.4500000003,17.0
13.5250000014,22.0
14.6250000014,22.0
15.5250000014,22.0
16.4500000014,22.0
18.1250000014,22.0
14.6750000025,27.0
15.5000000025,27.0
16.3250000025,27.0
17.4250000025,27.0
13.7250000036,32.0
15.4250000036,32.0
16.3500000036,32.0
17.1000000036,32.0
18.1000000036,32.0
15.5250000047,37.0
16.7750000047,37.0
17.6500000047,37.0
18.4500000047,37.0
19.2250000047,37.0
20.2500000047,37.0
14.1000000037,42.0
15.6000000036,42.0
16.4500000036,42.0
17.2750000036,42.0
17.9750000036,42.0
18.6000000036,42.0
19.2750000036,42.0
20.1000000036,42.0
21.4000000036,42.0
14.5499999993,47.0
15.4499999993,47.0
16.4249999993,47.0
17.4749999993,47.0
18.4499999992,47.0
19.4749999992,47.0
20.3249999992,47.0
21.0249999992,47.0
21.8999999992,47.0
15.8749999949,52.0
16.7499999949,52.0
18.3249999949,52.0
19.3249999949,52.0
20.4749999948,52.0
21.3249999948,52.0
22.0749999948,52.0
14.2249999906,57.0
17.9249999905,57.0
19.5999999905,57.0
20.8499999905,57.0
21.6749999905,57.0
22.4999999905,57.0
23.4749999904,57.0
17.2749999862,62.0
18.2749999861,62.0
19.4749999861,62.0
20.3499999861,62.0
21.0999999861,62.0
21.7499999861,62.0
22.6499999861,62.0
23.6999999861,62.0
17.5749999818,67.0
19.7499999818,67.0
20.5999999817,67.0
21.3999999817,67.0
22.1749999817,67.0
22.9749999817,67.0
25.2999999817,67.0
16.1999999774,72.0
18.5749999774,72.0
19.5749999774,72.0
21.4999999774,72.0
22.5249999774,72.0
24.5249999773,72.0
20.074999973,77.0
22.174999973,77.0
23.499999973,77.0
24.849999973,77.0
14.5249999687,82.0
15.5249999687,82.0
17.7249999687,82.0
22.6499999686,82.0
23.6499999686,82.0
24.6249999686,82.0
14.4999999644,87.0
15.5249999644,87.0
16.9249999643,87.0
18.1249999643,87.0
19.3249999643,87.0
20.8499999643,87.0
21.7249999643,87.0
20.6249999599,92.0
21.7249999599,92.0
19.4749999556,97.0
20.5749999556,97.0
21.6499999555,97.0
22.6999999555,97.0
18.6749999512,102.0
14.5499999469,107.0
17.6499999469,107.0
20.8249999468,107.0
24.0499999468,107.0
18.4249999425,112.0
21.0499999425,112.0
17.6999999381,117.0
16.3499999338,122.0
17.7999999338,122.0
18.8499999338,122.0
20.8249999337,122.0
19.6999999294,127.0
13.3749999251,132.0
14.2749999251,132.0
15.7249999251,132.0
13.5249999207,137.0
14.4249999207,137.0
15.8749999207,137.0
13.5749999164,142.0
14.4999999164,142.0
15.9749999163,142.0
13.6499999318,147.0
14.5749999318,147.0
16.0999999319,147.0
13.8249999492,152.0
14.7499999493,152.0
16.3999999494,152.0
13.8999999667,157.0
14.8499999668,157.0
16.4999999669,157.0
13.9749999842,162.0
14.9249999842,162.0
16.6499999843,162.0
14.1250000016,167.0
15.0750000017,167.0
16.9500000018,167.0
14.2000000191,172.0
15.1750000192,172.0
17.1750000193,172.0
14.3500000366,177.0
15.3500000366,177.0
14.400000054,182.0
15.4250000541,182.0
14.6000000715,187.0
15.6500000716,187.0
14.625000089,192.0
15.675000089,192.0
14.8000001065,197.0
15.8750001065,197.0
14.9750001239,202.0
16.075000124,202.0
15.0500001414,207.0
16.1750001415,207.0
15.2000001589,212.0
16.3500001589,212.0
15.3000001763,217.0
16.4750001764,217.0
15.4250001938,222.0
16.6250001939,222.0
15.5250002113,227.0
16.7250002113,227.0
15.6750002287,232.0
16.9250002288,232.0
15.7750002462,237.0
17.0500002463,237.0
15.9000002637,242.0
17.2000002638,242.0
16.0250002811,247.0
17.3500002812,247.0
16.1250002986,252.0
17.4500002987,252.0
16.2500003161,257.0
17.6250003162,257.0
16.3250003336,262.0
17.7000003336,262.0
16.525000351,267.0
17.9500003511,267.0
16.6000003685,272.0
18.0000003686,272.0
16.725000386,277.0
18.175000386,277.0
16.8250004034,282.0
18.3000004035,282.0
16.9250004209,287.0
18.400000421,287.0
17.0500004384,292.0
18.5500004385,292.0
17.1250004558,297.0
18.6000004559,297.0
17.3000004733,302.0
18.8500004734,302.0
17.3500004908,307.0
18.9000004909,307.0
17.4750005082,312.0
19.0250005083,312.0
17.5750005257,317.0
19.1750005258,317.0
17.7000005432,322.0
19.2750005433,322.0
17.8250005606,327.0
19.4000005607,327.0
13.3500000001,7.25
13.4249999999,12.25
14.6250000003,17.25
15.9000000003,17.25
13.4750000014,22.25
14.3750000014,22.25
15.1500000014,22.25
16.1750000014,22.25
13.5250000025,27.25
14.6250000025,27.25
15.5500000025,27.25
16.3750000025,27.25
17.1000000025,27.25
17.9500000025,27.25
19.3000000025,27.25
14.9000000036,32.25
15.6750000036,32.25
16.6250000036,32.25
17.5000000036,32.25
18.3500000036,32.25
19.6250000036,32.25
15.7750000047,37.25
16.7500000047,37.25
17.5250000047,37.25
18.3000000047,37.25
19.0000000047,37.25
19.8250000047,37.25
21.0750000047,37.25
15.8250000036,42.25
16.6500000036,42.25
17.7500000036,42.25
18.5750000036,42.25
19.5750000036,42.25
15.5749999993,47.25
16.4499999993,47.25
17.3499999993,47.25
18.3749999992,47.25
19.2499999992,47.25
19.9499999992,47.25
20.8249999992,47.25
22.4499999992,47.25
15.5249999949,52.25
16.8249999949,52.25
17.6999999949,52.25
18.4499999949,52.25
19.2249999949,52.25
19.8999999949,52.25
20.6749999948,52.25
21.4249999948,52.25
22.1749999948,52.25
14.2499999906,57.25
17.5499999905,57.25
18.4999999905,57.25
19.3749999905,57.25
20.1749999905,57.25
21.2999999905,57.25
22.1499999905,57.25
22.9749999904,57.25
14.2999999862,62.25
15.3249999862,62.25
16.3749999862,62.25
17.7249999862,62.25
18.5999999861,62.25
19.6249999861,62.25
20.4999999861,62.25
21.3249999861,62.25
22.0749999861,62.25
22.8249999861,62.25
23.4999999861,62.25
24.2999999861,62.25
16.3499999818,67.25
18.1999999818,67.25
19.3749999818,67.25
20.2999999818,67.25
21.0999999817,67.25
21.7749999817,67.25
22.8999999817,67.25
24.1999999817,67.25
17.7999999774,72.25
19.9499999774,72.25
21.6749999774,72.25
22.6249999774,72.25
24.5749999773,72.25
18.374999973,77.25
20.749999973,77.25
23.499999973,77.25
15.5749999687,82.25
17.8999999687,82.25
18.9749999687,82.25
19.7999999687,82.25
21.6999999686,82.25
22.9999999686,82.25
17.1999999643,87.25
18.6249999643,87.25
20.3249999599,92.25
21.4499999599,92.25
22.5499999599,92.25
14.7249999556,97.25
15.8999999556,97.25
20.7499999556,97.25
15.8999999513,102.25
17.0999999512,102.25
18.0249999512,102.25
19.6499999512,102.25
20.6749999512,102.25
23.9999999468,107.25
14.2249999426,112.25
15.4249999425,112.25
16.3749999425,112.25
17.5249999425,112.25
21.2499999424,112.25
18.1999999381,117.25
19.1999999381,117.25
21.1999999381,117.25
22.2499999381,117.25
14.0499999338,122.25
15.1499999338,122.25
16.7999999338,122.25
17.6749999338,122.25
20.0249999337,122.25
16.4749999294,127.25
19.0249999294,127.25
20.2249999294,127.25
21.9249999293,127.25
14.7999999251,132.25
13.4749999207,137.25
14.3749999207,137.25
15.7999999207,137.25
13.6249999164,142.25
14.5249999164,142.25
16.0749999163,142.25
13.7499999318,147.25
14.6749999318,147.25
16.2249999319,147.25
13.7499999492,152.25
14.6749999493,152.25
16.1999999494,152.25
13.8249999667,157.25
14.7749999668,157.25
16.3999999668,157.25
13.9999999842,162.25
14.9499999842,162.25
16.8249999843,162.25
14.1000000016,167.25
15.0750000017,167.25
16.8750000018,167.25
14.2000000191,172.25
15.1750000192,172.25
17.3000000193,172.25
14.3750000366,177.25
15.4000000366,177.25
14.475000054,182.25
15.5000000541,182.25
14.5750000715,187.25
15.6000000716,187.25
14.675000089,192.25
15.700000089,192.25
14.8750001065,197.25
15.9750001065,197.25
14.8750001239,202.25
15.950000124,202.25
14.9500001414,207.25
16.0500001415,207.25
15.2000001589,212.25
16.3750001589,212.25
15.3000001763,217.25
16.4750001764,217.25
15.4750001938,222.25
16.6750001939,222.25
15.5500002113,227.25
16.7750002113,227.25
15.6750002287,232.25
16.9500002288,232.25
15.8000002462,237.25
17.0500002463,237.25
15.8750002637,242.25
17.1750002638,242.25
16.0000002811,247.25
17.3250002812,247.25
16.1750002986,252.25
17.5000002987,252.25
16.2750003161,257.25
17.6500003162,257.25
16.3750003336,262.25
17.7250003336,262.25
16.475000351,267.25
17.9000003511,267.25
16.5750003685,272.25
18.0000003686,272.25
16.725000386,277.25
18.175000386,277.25
16.8000004034,282.25
18.2500004035,282.25
16.9250004209,287.25
18.375000421,287.25
17.0500004384,292.25
18.5250004385,292.25
17.1500004558,297.25
18.6750004559,297.25
17.2500004733,302.25
18.7750004734,302.25
17.4250004908,307.25
18.9750004909,307.25
17.4750005082,312.25
19.0000005083,312.25
17.5500005257,317.25
19.1500005258,317.25
17.7000005432,322.25
19.2750005433,322.25
17.7250005606,327.25
19.3250005607,327.25
13.4250000001,7.5
13.2749999999,12.5
14.0749999999,12.5
15.1249999999,12.5
14.5750000003,17.5
15.8250000003,17.5
13.5750000014,22.5
14.7000000014,22.5
15.5500000014,22.5
16.4750000014,22.5
18.3250000014,22.5
13.6750000025,27.5
14.5250000025,27.5
15.3250000025,27.5
16.0500000025,27.5
16.6500000025,27.5
17.3500000025,27.5
18.2250000025,27.5
19.7500000025,27.5
14.8500000036,32.5
15.6500000036,32.5
16.5750000036,32.5
17.4750000036,32.5
18.3250000036,32.5
19.5500000036,32.5
15.6250000047,37.5
16.7250000047,37.5
17.5250000047,37.5
18.3750000047,37.5
19.6000000047,37.5
15.0000000037,42.5
16.5500000036,42.5
17.7000000036,42.5
18.5750000036,42.5
19.5000000036,42.5
21.1500000036,42.5
15.8999999993,47.5
17.4999999993,47.5
18.4249999992,47.5
19.2249999992,47.5
19.8999999992,47.5
20.6749999992,47.5
21.8249999992,47.5
16.4499999949,52.5
17.8249999949,52.5
18.7249999949,52.5
19.5249999949,52.5
20.3499999948,52.5
21.3249999948,52.5
22.1499999948,52.5
16.6999999905,57.5
17.5999999905,57.5
18.4249999905,57.5
19.2749999905,57.5
20.3749999905,57.5
21.2749999905,57.5
22.4749999905,57.5
19.8499999861,62.5
20.6499999861,62.5
21.7249999861,62.5
22.7499999861,62.5
16.6499999818,67.5
19.2499999818,67.5
20.2999999818,67.5
21.1249999817,67.5
22.3499999817,67.5
16.3999999774,72.5
17.4499999774,72.5
18.3999999774,72.5
19.4499999774,72.5
20.6999999774,72.5
22.5749999774,72.5
23.5499999773,72.5
25.7749999773,72.5
18.324999973,77.5
19.399999973,77.5
21.049999973,77.5
22.074999973,77.5
23.874999973,77.5
14.5749999687,82.5
15.5749999687,82.5
16.4749999687,82.5
17.4249999687,82.5
18.3749999687,82.5
19.6499999687,82.5
21.8499999686,82.5
24.1999999686,82.5
25.6749999686,82.5
14.6999999644,87.5
17.3499999643,87.5
18.6249999643,87.5
19.5749999643,87.5
21.7499999643,87.5
16.62499996,92.5
17.74999996,92.5
20.2249999599,92.5
21.2999999599,92.5
16.7749999556,97.5
14.0249999513,102.5
15.9249999513,102.5
16.9249999512,102.5
23.8499999511,102.5
14.1249999469,107.5
15.0249999469,107.5
15.8999999469,107.5
17.5999999469,107.5
18.5999999469,107.5
19.4999999468,107.5
20.6249999468,107.5
21.6749999468,107.5
22.9249999468,107.5
24.4249999468,107.5
17.2999999425,112.5
18.4749999425,112.5
20.4749999425,112.5
21.4999999424,112.5
22.6249999424,112.5
15.7249999382,117.5
18.0999999381,117.5
19.3749999381,117.5
20.9749999381,117.5
22.1499999381,117.5
14.1499999338,122.5
16.0999999338,122.5
17.4499999338,122.5
14.4999999294,127.5
16.5999999294,127.5
18.8499999294,127.5
19.8499999294,127.5
22.7499999293,127.5
24.4249999293,127.5
14.3499999251,132.5
13.4999999207,137.5
14.3999999207,137.5
15.8499999207,137.5
13.6249999164,142.5
14.5249999164,142.5
16.0249999163,142.5
13.6249999318,147.5
14.5499999318,147.5
16.0499999319,147.5
13.7749999492,152.5
14.6999999493,152.5
16.3249999494,152.5
13.8999999667,157.5
14.8499999668,157.5
16.5499999669,157.5
13.9999999842,162.5
14.9499999842,162.5
16.7499999843,162.5
14.1250000016,167.5
15.1000000017,167.5
17.1250000018,167.5
14.2000000191,172.5
15.1750000192,172.5
17.3250000193,172.5
14.3750000366,177.5
15.3750000366,177.5
14.350000054,182.5
15.3250000541,182.5
17.7500000542,182.5
14.5750000715,187.5
15.6000000716,187.5
14.600000089,192.5
15.625000089,192.5
14.7500001065,197.5
15.8000001065,197.5
14.9250001239,202.5
16.025000124,202.5
15.0250001414,207.5
16.1500001415,207.5
15.1250001589,212.5
16.2750001589,212.5
15.3250001763,217.5
16.5000001764,217.5
15.4000001938,222.5
16.5750001939,222.5
15.5500002113,227.5
16.7500002113,227.5
15.6500002287,232.5
16.9250002288,232.5
15.7750002462,237.5
17.0500002463,237.5
15.9000002637,242.5
17.1750002638,242.5
16.0250002811,247.5
17.3500002812,247.5
16.1500002986,252.5
17.4750002987,252.5
16.2750003161,257.5
17.6500003162,257.5
16.3750003336,262.5
17.7250003336,262.5
16.450000351,267.5
17.8500003511,267.5
16.6000003685,272.5
18.0250003686,272.5
16.700000386,277.5
18.125000386,277.5
16.7750004034,282.5
18.2250004035,282.5
16.9250004209,287.5
18.375000421,287.5
17.0000004384,292.5
18.5000004384,292.5
17.1250004558,297.5
18.6500004559,297.5
17.2750004733,302.5
18.8000004734,302.5
17.3750004908,307.5
18.9250004909,307.5
17.4750005082,312.5
19.0250005083,312.5
17.5750005257,317.5
19.1250005258,317.5
17.7250005432,322.5
19.3000005433,322.5
17.7750005606,327.5
19.3500005607,327.5
13.3500000001,7.75
13.3999999999,12.75
14.2999999999,12.75
15.6999999999,12.75
13.4250000003,17.75
14.3250000003,17.75
15.7250000003,17.75
13.5250000014,22.75
14.3750000014,22.75
15.1500000014,22.75
16.1500000014,22.75
14.6500000025,27.75
16.1250000025,27.75
16.9500000025,27.75
18.1000000025,27.75
14.0500000036,32.75
14.9000000036,32.75
16.2500000036,32.75
17.1250000036,32.75
18.6500000036,32.75
15.0500000047,37.75
16.5500000047,37.75
17.4250000047,37.75
18.2000000047,37.75
18.8500000047,37.75
19.6000000047,37.75
20.6000000047,37.75
15.8250000036,42.75
17.5000000036,42.75
18.4000000036,42.75
19.1750000036,42.75
19.8500000036,42.75
20.6250000036,42.75
21.7250000036,42.75
14.7499999993,47.75
16.6999999993,47.75
17.5749999993,47.75
18.5999999992,47.75
19.4749999992,47.75
20.3249999992,47.75
21.0749999992,47.75
22.0249999992,47.75
14.3249999949,52.75
16.5249999949,52.75
17.4749999949,52.75
18.3249999949,52.75
19.1249999949,52.75
20.1749999949,52.75
20.9749999948,52.75
21.6499999948,52.75
22.4749999948,52.75
18.6749999905,57.75
19.5499999905,57.75
20.3749999905,57.75
21.1249999905,57.75
22.0749999905,57.75
22.9749999904,57.75
18.3999999861,62.75
19.5749999861,62.75
20.5499999861,62.75
21.3999999861,62.75
22.2249999861,62.75
23.6749999861,62.75
15.8499999818,67.75
18.4249999818,67.75
20.2499999818,67.75
21.2499999817,67.75
22.6249999817,67.75
23.7249999817,67.75
15.7749999775,72.75
16.8749999774,72.75
18.9749999774,72.75
20.2249999774,72.75
21.6249999774,72.75
22.6499999774,72.75
24.9499999773,72.75
14.2749999731,77.75
15.9749999731,77.75
17.4499999731,77.75
18.624999973,77.75
20.949999973,77.75
21.824999973,77.75
23.749999973,77.75
14.2249999687,82.75
15.1999999687,82.75
17.1749999687,82.75
19.6499999687,82.75
20.6749999686,82.75
23.6749999686,82.75
24.8499999686,82.75
27.6749999685,82.75
14.8749999644,87.75
17.3499999643,87.75
18.4249999643,87.75
21.4999999643,87.75
22.9249999643,87.75
16.04999996,92.75
16.97499996,92.75
17.82499996,92.75
20.0999999599,92.75
29.0249999598,92.75
18.6499999556,97.75
19.7749999556,97.75
21.9999999555,97.75
14.7499999513,102.75
17.6499999512,102.75
18.6749999512,102.75
20.8999999512,102.75
16.9749999469,107.75
19.4999999468,107.75
21.6249999468,107.75
23.2249999468,107.75
14.4249999425,112.75
16.1499999425,112.75
17.3749999425,112.75
18.9749999425,112.75
20.9499999425,112.75
21.8249999424,112.75
15.9499999382,117.75
18.8499999381,117.75
20.2249999381,117.75
16.1249999338,122.75
17.4499999338,122.75
18.9249999338,122.75
21.0999999337,122.75
14.4499999295,127.75
16.7999999294,127.75
17.9249999294,127.75
18.7749999294,127.75
20.9499999294,127.75
21.8999999293,127.75
23.8749999293,127.75
13.2749999251,132.75
14.0749999251,132.75
15.1249999251,132.75
13.5499999207,137.75
14.4499999207,137.75
15.8749999207,137.75
13.5749999164,142.75
14.4749999164,142.75
15.9499999163,142.75
13.6499999318,147.75
14.5749999318,147.75
16.1499999319,147.75
13.7749999492,152.75
14.6999999493,152.75
16.2499999494,152.75
13.8749999667,157.75
14.8249999668,157.75
16.5499999669,157.75
13.9749999842,162.75
14.9249999842,162.75
16.6749999843,162.75
14.1250000016,167.75
15.0750000017,167.75
16.9250000018,167.75
14.2500000191,172.75
15.2250000192,172.75
17.3250000193,172.75
14.3250000366,177.75
15.3250000366,177.75
14.450000054,182.75
15.4500000541,182.75
14.5000000715,187.75
15.5250000716,187.75
14.675000089,192.75
15.725000089,192.75
14.8000001065,197.75
15.8750001065,197.75
14.9250001239,202.75
16.025000124,202.75
15.0750001414,207.75
16.2000001415,207.75
15.2000001589,212.75
16.3500001589,212.75
15.3000001763,217.75
16.4750001764,217.75
15.4500001938,222.75
16.6500001939,222.75
15.5750002113,227.75
16.7750002113,227.75
15.6500002287,232.75
16.9000002288,232.75
15.8000002462,237.75
17.0500002463,237.75
15.8750002637,242.75
17.1750002638,242.75
16.0000002811,247.75
17.3250002812,247.75
16.2000002986,252.75
17.5250002987,252.75
16.2250003161,257.75
17.6250003162,257.75
16.3750003336,262.75
17.7250003336,262.75
16.475000351,267.75
17.8750003511,267.75
16.6000003685,272.75
18.0000003686,272.75
16.700000386,277.75
18.150000386,277.75
16.7500004034,282.75
18.2000004035,282.75
16.9750004209,287.75
18.475000421,287.75
17.0000004384,292.75
18.5000004384,292.75
17.1250004558,297.75
18.6250004559,297.75
17.2250004733,302.75
18.7500004734,302.75
17.4000004908,307.75
18.9250004909,307.75
17.5000005082,312.75
19.0500005083,312.75
17.5750005257,317.75
19.1750005258,317.75
17.6750005432,322.75
19.2500005433,322.75
17.7500005606,327.75
19.3250005607,327.75
13.4000000001,8.0
14.8249999999,13.0
13.4250000003,18.0
14.3250000003,18.0
15.7250000003,18.0
13.5500000014,23.0
14.6750000014,23.0
15.5500000014,23.0
16.5000000014,23.0
18.4000000014,23.0
14.7000000025,28.0
15.5000000025,28.0
16.3250000025,28.0
17.5000000025,28.0
13.9250000036,33.0
14.7250000036,33.0
15.8500000036,33.0
16.6500000036,33.0
17.4250000036,33.0
18.1750000036,33.0
19.1250000036,33.0
16.2750000047,38.0
17.2750000047,38.0
18.0750000047,38.0
18.7250000047,38.0
19.4750000047,38.0
20.5250000047,38.0
14.1750000037,43.0
15.7000000036,43.0
17.4500000036,43.0
18.4750000036,43.0
19.4250000036,43.0
20.3250000036,43.0
21.7750000036,43.0
16.9499999993,48.0
17.7499999993,48.0
18.4749999992,48.0
19.2499999992,48.0
19.9249999992,48.0
20.6999999992,48.0
21.8499999992,48.0
14.2999999949,53.0
16.0749999949,53.0
16.9249999949,53.0
18.3499999949,53.0
19.2749999949,53.0
20.3749999948,53.0
21.2499999948,53.0
21.9249999948,53.0
23.2249999948,53.0
15.7249999905,58.0
18.1499999905,58.0
19.6749999905,58.0
20.5249999905,58.0
21.4249999905,58.0
22.5249999905,58.0
17.6999999862,63.0
19.7249999861,63.0
20.5999999861,63.0
21.5749999861,63.0
22.5499999861,63.0
23.4749999861,63.0
24.6999999861,63.0
15.6999999818,68.0
17.9499999818,68.0
18.8499999818,68.0
19.5749999818,68.0
20.3499999818,68.0
21.0999999817,68.0
22.0499999817,68.0
22.9749999817,68.0
24.5499999817,68.0
14.7999999775,73.0
17.3749999774,73.0
18.4749999774,73.0
19.4249999774,73.0
20.5999999774,73.0
21.6249999774,73.0
16.7499999731,78.0
19.949999973,78.0
21.849999973,78.0
22.949999973,78.0
14.6749999687,83.0
17.1999999687,83.0
20.0749999687,83.0
22.3999999686,83.0
27.7249999685,83.0
20.6749999643,88.0
21.7499999643,88.0
24.7999999642,88.0
14.19999996,93.0
15.42499996,93.0
16.42499996,93.0
17.59999996,93.0
19.2249999599,93.0
14.4999999556,98.0
16.6999999556,98.0
19.4999999556,98.0
20.5999999556,98.0
14.1999999513,103.0
15.5499999513,103.0
16.9749999512,103.0
18.0999999512,103.0
19.9749999512,103.0
21.0999999512,103.0
15.8749999469,108.0
16.9499999469,108.0
18.9999999468,108.0
15.9249999425,113.0
18.2749999425,113.0
19.4499999425,113.0
22.1249999424,113.0
16.9999999381,118.0
14.1499999338,123.0
16.0499999338,123.0
17.1249999338,123.0
18.7499999338,123.0
19.6499999337,123.0
21.8249999337,123.0
23.0749999337,123.0
15.5749999294,128.0
16.5749999294,128.0
17.4499999294,128.0
18.3249999294,128.0
19.2249999294,128.0
20.9249999294,128.0
21.8249999293,128.0
13.2999999251,133.0
14.0999999251,133.0
15.1499999251,133.0
13.4999999207,138.0
14.3999999207,138.0
15.8499999207,138.0
13.5749999164,143.0
14.4749999164,143.0
15.9749999163,143.0
13.6499999318,148.0
14.5749999318,148.0
16.1249999319,148.0
13.7249999492,153.0
14.6499999493,153.0
16.2499999494,153.0
13.9249999667,158.0
14.8749999668,158.0
16.5999999669,158.0
13.9999999842,163.0
14.9749999842,163.0
16.7499999843,163.0
14.0500000016,168.0
15.0000000017,168.0
16.9000000018,168.0
14.1500000191,173.0
15.1250000192,173.0
17.1000000193,173.0
14.3500000366,178.0
15.3500000366,178.0
14.475000054,183.0
15.4750000541,183.0
14.5500000715,188.0
15.6000000716,188.0
14.700000089,193.0
15.750000089,193.0
14.7750001065,198.0
15.8500001065,198.0
14.9750001239,203.0
16.100000124,203.0
15.0500001414,208.0
16.1750001415,208.0
15.2000001589,213.0
16.4000001589,213.0
15.3750001763,218.0
16.5750001764,218.0
15.4250001938,223.0
16.6250001939,223.0
15.5250002113,228.0
16.7500002113,228.0
15.6500002287,233.0
16.8750002288,233.0
15.7750002462,238.0
17.0250002463,238.0
15.8500002637,243.0
17.1500002638,243.0
16.0250002811,248.0
17.3500002812,248.0
16.1500002986,253.0
17.5000002987,253.0
16.2500003161,258.0
17.6000003162,258.0
16.4000003336,263.0
17.7750003336,263.0
16.500000351,268.0
17.9000003511,268.0
16.6000003685,273.0
18.0250003686,273.0
16.700000386,278.0
18.150000386,278.0
16.8250004034,283.0
18.2750004035,283.0
16.9250004209,288.0
18.375000421,288.0
17.0000004384,293.0
18.5000004384,293.0
17.1250004558,298.0
18.6000004559,298.0
17.2500004733,303.0
18.8000004734,303.0
17.3500004908,308.0
18.8750004909,308.0
17.4750005082,313.0
19.0250005083,313.0
17.6000005257,318.0
19.1750005258,318.0
17.7000005432,323.0
19.2750005433,323.0
17.8000005606,328.0
19.3750005607,328.0
13.3750000001,8.25
13.4249999999,13.25
14.3249999999,13.25
15.7499999999,13.25
13.4500000003,18.25
14.3500000003,18.25
15.7500000003,18.25
14.6750000014,23.25
15.9250000014,23.25
13.5250000025,28.25
14.6000000025,28.25
15.5250000025,28.25
16.4500000025,28.25
18.0750000025,28.25
13.6500000036,33.25
14.4750000036,33.25
15.3000000036,33.25
16.0000000036,33.25
16.8750000036,33.25
17.5750000036,33.25
18.3500000036,33.25
19.4750000036,33.25
15.2000000047,38.25
16.0750000047,38.25
17.3250000047,38.25
18.2000000047,38.25
18.8750000047,38.25
19.7000000047,38.25
20.9250000047,38.25
15.3500000037,43.25
16.3500000036,43.25
17.4500000036,43.25
18.3000000036,43.25
19.0250000036,43.25
19.6750000036,43.25
20.3500000036,43.25
21.2250000036,43.25
16.9999999993,48.25
17.8249999992,48.25
19.0499999992,48.25
19.8749999992,48.25
20.9749999992,48.25
14.6249999949,53.25
16.8749999949,53.25
18.6749999949,53.25
20.2999999948,53.25
21.2249999948,53.25
21.9749999948,53.25
15.6749999906,58.25
16.6499999905,58.25
17.5249999905,58.25
18.3749999905,58.25
19.1499999905,58.25
20.2499999905,58.25
21.0499999905,58.25
22.2249999905,58.25
23.2999999904,58.25
14.1749999862,63.25
15.1499999862,63.25
16.0749999862,63.25
16.9749999862,63.25
17.8749999862,63.25
18.6249999861,63.25
19.6749999861,63.25
20.5749999861,63.25
21.3999999861,63.25
22.1999999861,63.25
22.9749999861,63.25
24.4249999861,63.25
20.3249999818,68.25
21.3749999817,68.25
22.6999999817,68.25
23.7749999817,68.25
16.4499999774,73.25
19.3749999774,73.25
20.3749999774,73.25
21.2499999774,73.25
22.4999999774,73.25
23.5749999773,73.25
14.2749999731,78.25
16.1249999731,78.25
17.9999999731,78.25
19.949999973,78.25
21.874999973,78.25
22.924999973,78.25
24.999999973,78.25
16.4999999687,83.25
19.0749999687,83.25
21.3749999686,83.25
19.6499999643,88.25
22.7999999643,88.25
14.07499996,93.25
15.94999996,93.25
16.97499996,93.25
18.6499999599,93.25
20.9499999599,93.25
21.9999999599,93.25
14.7749999556,98.25
17.1249999556,98.25
15.8999999513,103.25
20.5999999512,103.25
21.5999999512,103.25
17.4749999469,108.25
18.4999999469,108.25
20.4249999468,108.25
21.4749999468,108.25
14.2499999425,113.25
17.7249999425,113.25
18.9499999425,113.25
21.3999999424,113.25
16.4249999382,118.25
19.0749999381,118.25
20.3749999381,118.25
23.0749999381,118.25
15.6999999338,123.25
16.6249999338,123.25
17.5249999338,123.25
18.4749999338,123.25
19.7749999337,123.25
20.9749999337,123.25
19.6499999294,128.25
14.4499999251,133.25
13.4999999207,138.25
14.3999999207,138.25
15.8499999207,138.25
13.5999999164,143.25
14.5249999164,143.25
16.0249999163,143.25
13.6499999318,148.25
14.5749999318,148.25
16.0999999319,148.25
13.7749999492,153.25
14.6999999493,153.25
16.3249999494,153.25
13.8999999667,158.25
14.8499999668,158.25
16.4999999669,158.25
13.9999999842,163.25
14.9499999842,163.25
16.7499999843,163.25
14.1250000016,168.25
15.0750000017,168.25
17.0000000018,168.25
14.2750000191,173.25
15.2500000192,173.25
17.6500000193,173.25
14.3000000366,178.25
15.2750000366,178.25
17.6500000368,178.25
14.450000054,183.25
15.4750000541,183.25
14.5500000715,188.25
15.5750000716,188.25
14.675000089,193.25
15.750000089,193.25
14.8000001065,198.25
15.8500001065,198.25
14.9000001239,203.25
16.000000124,203.25
15.0250001414,208.25
16.1500001415,208.25
15.2250001589,213.25
16.3750001589,213.25
15.2750001763,218.25
16.4250001764,218.25
15.4500001938,223.25
16.6250001939,223.25
15.5250002113,228.25
16.7250002113,228.25
15.6750002287,233.25
16.9250002288,233.25
15.7500002462,238.25
17.0250002463,238.25
15.9000002637,243.25
17.2000002638,243.25
16.0500002811,248.25
17.4000002812,248.25
16.1500002986,253.25
17.5000002987,253.25
16.2250003161,258.25
17.5500003162,258.25
16.4000003336,263.25
17.8000003336,263.25
16.475000351,268.25
17.9000003511,268.25
16.6000003685,273.25
18.0250003686,273.25
16.650000386,278.25
18.100000386,278.25
16.8000004034,283.25
18.2500004035,283.25
16.9250004209,288.25
18.400000421,288.25
17.0750004384,293.25
18.5750004385,293.25
17.1500004558,298.25
18.6750004559,298.25
17.2250004733,303.25
18.7500004734,303.25
17.3500004908,308.25
18.8750004909,308.25
17.4250005082,313.25
18.9750005083,313.25
17.5750005257,318.25
19.1500005258,318.25
17.7000005432,323.25
19.2750005433,323.25
17.8000005606,328.25
19.3750005607,328.25
13.3500000001,8.5
13.2749999999,13.5
14.0749999999,13.5
15.1249999999,13.5
13.4250000003,18.5
14.3250000003,18.5
15.9000000003,18.5
13.5250000014,23.5
14.4250000014,23.5
15.2000000014,23.5
16.2500000014,23.5
13.6250000025,28.5
14.8000000025,28.5
15.6250000025,28.5
16.6000000025,28.5
15.0000000036,33.5
16.5250000036,33.5
17.3750000036,33.5
18.1250000036,33.5
19.1250000036,33.5
14.3250000047,38.5
15.3000000047,38.5
16.1000000047,38.5
17.2000000047,38.5
18.0250000047,38.5
18.6750000047,38.5
19.4500000047,38.5
20.5000000047,38.5
14.0500000037,43.5
14.9250000037,43.5
16.3000000036,43.5
17.1750000036,43.5
17.9000000036,43.5
18.5250000036,43.5
19.2000000036,43.5
19.8250000036,43.5
20.5000000036,43.5
21.3750000036,43.5
14.0249999993,48.5
15.9499999993,48.5
17.5999999993,48.5
18.4499999992,48.5
19.2999999992,48.5
20.3249999992,48.5
21.1499999992,48.5
22.2499999992,48.5
17.7749999949,53.5
19.5499999949,53.5
20.7249999948,53.5
21.5999999948,53.5
14.5499999906,58.5
16.7249999905,58.5
17.5749999905,58.5
18.6249999905,58.5
19.5499999905,58.5
20.3749999905,58.5
21.1249999905,58.5
22.0749999905,58.5
22.9749999904,58.5
17.8999999862,63.5
19.6749999861,63.5
20.5249999861,63.5
21.4749999861,63.5
22.5999999861,63.5
23.6249999861,63.5
18.1249999818,68.5
19.1249999818,68.5
20.4999999817,68.5
21.4249999817,68.5
22.2749999817,68.5
23.1499999817,68.5
24.0499999817,68.5
22.1749999774,73.5
23.424999973,78.5
25.9249999729,78.5
14.4999999687,83.5
16.7249999687,83.5
18.7749999687,83.5
19.7499999687,83.5
20.6749999686,83.5
21.5499999686,83.5
22.4749999686,83.5
24.7749999686,83.5
26.1749999686,83.5
27.5499999685,83.5
18.0749999643,88.5
15.67499996,93.5
17.87499996,93.5
18.9749999599,93.5
20.9999999599,93.5
22.1749999599,93.5
14.1749999556,98.5
16.0499999556,98.5
17.1749999556,98.5
18.8999999556,98.5
21.5499999555,98.5
22.8249999555,98.5
13.8249999513,103.5
14.7499999513,103.5
15.5499999513,103.5
16.6749999512,103.5
17.6499999512,103.5
18.5499999512,103.5
19.4249999512,103.5
20.3249999512,103.5
21.5749999512,103.5
15.6749999469,108.5
17.7999999469,108.5
18.7499999469,108.5
19.6749999468,108.5
20.6249999468,108.5
23.6499999468,108.5
22.1999999424,113.5
14.0249999338,123.5
20.3249999337,123.5
14.2249999295,128.5
16.1999999294,128.5
18.0499999294,128.5
20.0249999294,128.5
21.9249999293,128.5
13.3749999251,133.5
13.4999999207,138.5
14.3999999207,138.5
15.8749999207,138.5
13.5749999164,143.5
14.4749999164,143.5
15.9749999163,143.5
13.6499999318,148.5
14.5749999318,148.5
16.1249999319,148.5
13.8249999492,153.5
14.7749999493,153.5
16.3999999494,153.5
13.8749999667,158.5
14.8249999668,158.5
16.4499999669,158.5
13.9999999842,163.5
14.9499999842,163.5
16.7249999843,163.5
14.0500000016,168.5
15.0000000017,168.5
16.8500000018,168.5
14.1500000191,173.5
15.1250000192,173.5
17.2000000193,173.5
14.3250000366,178.5
15.3500000366,178.5
14.450000054,183.5
15.4500000541,183.5
14.4750000715,188.5
15.4750000716,188.5
14.675000089,193.5
15.725000089,193.5
14.7750001065,198.5
15.8500001065,198.5
14.9000001239,203.5
16.000000124,203.5
15.1250001414,208.5
16.2500001415,208.5
15.1250001589,213.5
16.3000001589,213.5
15.3250001763,218.5
16.5000001764,218.5
15.4250001938,223.5
16.6500001939,223.5
15.5250002113,228.5
16.7500002113,228.5
15.7000002287,233.5
16.9500002288,233.5
15.8250002462,238.5
17.1000002463,238.5
15.9000002637,243.5
17.2000002638,243.5
16.0250002811,248.5
17.3250002812,248.5
16.1750002986,253.5
17.5500002987,253.5
16.3000003161,258.5
17.6750003162,258.5
16.4000003336,263.5
17.7750003336,263.5
16.500000351,268.5
17.9000003511,268.5
16.5750003685,273.5
18.0000003686,273.5
16.675000386,278.5
18.100000386,278.5
16.8250004034,283.5
18.3000004035,283.5
16.9500004209,288.5
18.425000421,288.5
17.0500004384,293.5
18.5500004385,293.5
17.1750004558,298.5
18.6750004559,298.5
17.2250004733,303.5
18.7750004734,303.5
17.3500004908,308.5
18.9000004909,308.5
17.5000005082,313.5
19.0750005083,313.5
17.5500005257,318.5
19.1500005258,318.5
17.6500005432,323.5
19.2500005433,323.5
17.8000005606,328.5
19.3750005607,328.5
13.3750000001,8.75
13.4249999999,13.75
14.6500000003,18.75
15.9000000003,18.75
13.5000000014,23.75
14.3750000014,23.75
15.1500000014,23.75
15.8000000014,23.75
16.5250000014,23.75
17.4750000014,23.75
20.0000000014,23.75
13.6000000025,28.75
14.8000000025,28.75
15.6250000025,28.75
16.6000000025,28.75
15.1500000036,33.75
16.6250000036,33.75
17.9000000036,33.75
15.2750000047,38.75
16.2000000047,38.75
16.9250000047,38.75
17.8750000047,38.75
18.6000000047,38.75
19.4750000047,38.75
20.8500000047,38.75
14.5250000037,43.75
15.8000000036,43.75
17.4750000036,43.75
18.3500000036,43.75
19.1250000036,43.75
19.7750000036,43.75
20.5000000036,43.75
21.4750000036,43.75
14.0749999993,48.75
15.8999999993,48.75
16.7249999993,48.75
17.4749999993,48.75
18.2999999992,48.75
19.3249999992,48.75
20.1499999992,48.75
21.2999999992,48.75
17.9249999949,53.75
19.6249999949,53.75
21.2749999948,53.75
22.1999999948,53.75
16.3999999905,58.75
18.6499999905,58.75
20.3999999905,58.75
21.3499999905,58.75
22.1249999905,58.75
17.6999999862,63.75
18.5749999861,63.75
19.6999999861,63.75
20.5999999861,63.75
21.6999999861,63.75
22.7249999861,63.75
23.6999999861,63.75
14.0749999818,68.75
18.5249999818,68.75
20.5999999817,68.75
21.5249999817,68.75
22.6499999817,68.75
23.6749999817,68.75
24.6499999817,68.75
14.0249999775,73.75
15.9249999774,73.75
16.9249999774,73.75
17.6999999774,73.75
19.4749999774,73.75
20.3999999774,73.75
21.2499999774,73.75
21.9749999774,73.75
22.6749999774,73.75
23.4249999773,73.75
24.2249999773,73.75
25.7249999773,73.75
15.7999999731,78.75
18.0749999731,78.75
19.974999973,78.75
21.024999973,78.75
22.749999973,78.75
24.099999973,78.75
25.099999973,78.75
27.2749999729,78.75
15.6999999687,83.75
16.7749999687,83.75
19.8749999687,83.75
22.7499999686,83.75
23.7749999686,83.75
24.8499999686,83.75
25.7249999686,83.75
28.0749999685,83.75
17.6749999643,88.75
20.0999999643,88.75
26.1249999642,88.75
15.99999996,93.75
17.17499996,93.75
21.6749999599,93.75
14.5749999556,98.75
16.8999999556,98.75
18.9999999556,98.75
20.9249999555,98.75
17.5249999512,103.75
18.5499999512,103.75
20.7999999512,103.75
21.7999999512,103.75
20.4999999468,108.75
19.8499999425,113.75
16.2999999382,118.75
17.3499999381,118.75
18.3249999381,118.75
19.1749999381,118.75
20.0249999381,118.75
20.7499999381,118.75
22.2499999381,118.75
24.774999938,118.75
15.6749999338,123.75
17.8249999338,123.75
18.6999999338,123.75
21.0249999337,123.75
23.7999999337,123.75
19.2749999294,128.75
21.9499999293,128.75
14.4249999251,133.75
13.5249999207,138.75
14.4249999207,138.75
15.8749999207,138.75
13.5999999164,143.75
14.4999999164,143.75
15.9999999163,143.75
13.6749999318,148.75
14.5999999318,148.75
16.1499999319,148.75
13.7999999492,153.75
14.7249999493,153.75
16.2749999494,153.75
13.8499999667,158.75
14.7999999668,158.75
16.4499999669,158.75
13.9749999842,163.75
14.9249999842,163.75
16.5999999843,163.75
14.1000000016,168.75
15.0500000017,168.75
16.9250000018,168.75
14.2000000191,173.75
15.1750000192,173.75
17.2000000193,173.75
14.3250000366,178.75
15.3250000366,178.75
18.1750000368,178.75
14.425000054,183.75
15.4500000541,183.75
14.5500000715,188.75
15.5750000716,188.75
14.700000089,193.75
15.750000089,193.75
14.7500001065,198.75
15.8000001065,198.75
14.9500001239,203.75
16.050000124,203.75
15.0750001414,208.75
16.2000001415,208.75
15.2500001589,213.75
16.4250001589,213.75
15.2750001763,218.75
16.4500001764,218.75
15.4500001938,223.75
16.6500001939,223.75
15.5500002113,228.75
16.7500002113,228.75
15.7250002287,233.75
16.9750002288,233.75
15.7500002462,238.75
17.0250002463,238.75
15.9500002637,243.75
17.2500002638,243.75
16.0250002811,248.75
17.3250002812,248.75
16.1500002986,253.75
17.4750002987,253.75
16.2500003161,258.75
17.6000003162,258.75
16.3750003336,263.75
17.7500003336,263.75
16.450000351,268.75
17.8750003511,268.75
16.6000003685,273.75
18.0250003686,273.75
16.700000386,278.75
18.150000386,278.75
16.7500004034,283.75
18.1750004035,283.75
16.9500004209,288.75
18.450000421,288.75
17.0250004384,293.75
18.5250004385,293.75
17.1500004558,298.75
18.7000004559,298.75
17.2500004733,303.75
18.7750004734,303.75
17.3500004908,308.75
18.9000004909,308.75
17.5000005082,313.75
19.0250005083,313.75
17.5750005257,318.75
19.1500005258,318.75
17.7000005432,323.75
19.2750005433,323.75
17.8000005606,328.75
19.3750005607,328.75
13.3500000001,9.0
14.6249999999,14.0
13.4250000003,19.0
14.3250000003,19.0
15.8750000003,19.0
13.4250000014,24.0
14.2750000014,24.0
15.0000000014,24.0
15.8500000014,24.0
17.1750000014,24.0
13.6750000025,29.0
15.2500000025,29.0
16.1750000025,29.0
16.8750000025,29.0
17.7250000025,29.0
19.1000000025,29.0
13.7750000036,34.0
15.4500000036,34.0
16.4500000036,34.0
17.4750000036,34.0
18.3750000036,34.0
19.8250000036,34.0
13.8250000047,39.0
15.4750000047,39.0
16.3500000047,39.0
17.1250000047,39.0
18.1500000047,39.0
18.9000000047,39.0
19.8250000047,39.0
21.5250000047,39.0
16.7750000036,44.0
18.4250000036,44.0
19.3500000036,44.0
20.1250000036,44.0
21.1250000036,44.0
14.1249999993,49.0
15.2999999993,49.0
16.2249999993,49.0
16.9749999993,49.0
17.9999999992,49.0
18.7749999992,49.0
19.7499999992,49.0
20.5749999992,49.0
21.4749999992,49.0
14.6499999949,54.0
17.0999999949,54.0
18.6999999949,54.0
20.4249999948,54.0
21.4749999948,54.0
14.5999999906,59.0
17.4499999905,59.0
18.4249999905,59.0
19.2999999905,59.0
20.0749999905,59.0
20.7249999905,59.0
21.4999999905,59.0
22.4249999905,59.0
16.2999999862,64.0
19.2749999861,64.0
20.7499999861,64.0
21.5749999861,64.0
22.4499999861,64.0
23.9249999861,64.0
14.4749999818,69.0
17.4749999818,69.0
19.6749999818,69.0
20.5499999817,69.0
21.3499999817,69.0
22.1249999817,69.0
22.8999999817,69.0
24.9249999817,69.0
19.6999999774,74.0
21.6499999774,74.0
22.6499999774,74.0
23.6499999773,74.0
24.5499999773,74.0
14.4249999731,79.0
16.9499999731,79.0
24.449999973,79.0
25.6749999729,79.0
16.2249999687,84.0
15.8749999644,89.0
16.7749999643,89.0
18.7249999643,89.0
19.6999999643,89.0
21.5749999643,89.0
16.72499996,94.0
19.2749999599,94.0
21.8249999599,94.0
15.5999999556,99.0
16.5749999556,99.0
17.4749999556,99.0
18.4999999556,99.0
19.6249999556,99.0
20.5499999556,99.0
21.4249999555,99.0
22.3249999555,99.0
15.8499999513,104.0
18.1499999512,104.0
19.0999999512,104.0
20.6749999512,104.0
21.6749999512,104.0
24.8999999511,104.0
18.3499999469,109.0
20.6749999468,109.0
14.2249999426,114.0
15.4249999425,114.0
16.5249999425,114.0
17.4749999425,114.0
19.5999999425,114.0
20.5749999381,119.0
21.5999999381,119.0
16.6499999338,124.0
19.1499999337,124.0
21.3749999337,124.0
17.8249999294,129.0
20.5749999294,129.0
21.6249999293,129.0
13.2749999251,134.0
14.0749999251,134.0
15.1249999251,134.0
13.5499999207,139.0
14.4749999207,139.0
15.9499999207,139.0
13.5999999164,144.0
14.4999999164,144.0
16.0249999163,144.0
13.6749999318,149.0
14.5999999318,149.0
16.1249999319,149.0
13.7749999492,154.0
14.7249999493,154.0
16.3249999494,154.0
13.9249999667,159.0
14.8749999668,159.0
16.6749999669,159.0
13.9499999842,164.0
14.8999999842,164.0
16.6499999843,164.0
14.1250000016,169.0
15.0750000017,169.0
17.0250000018,169.0
14.2000000191,174.0
15.1750000192,174.0
17.1500000193,174.0
14.3750000366,179.0
15.3750000366,179.0
18.6500000368,179.0
14.425000054,184.0
15.4500000541,184.0
14.6000000715,189.0
15.6500000716,189.0
14.700000089,194.0
15.750000089,194.0
14.7750001065,199.0
15.8750001065,199.0
14.9000001239,204.0
16.000000124,204.0
15.0750001414,209.0
16.2000001415,209.0
15.1750001589,214.0
16.3250001589,214.0
15.2500001763,219.0
16.4250001764,219.0
15.4750001938,224.0
16.6750001939,224.0
15.5000002113,229.0
16.7250002113,229.0
15.6250002287,234.0
16.8750002288,234.0
15.8000002462,239.0
17.0750002463,239.0
15.9000002637,244.0
17.1750002638,244.0
16.0000002811,249.0
17.3000002812,249.0
16.1500002986,254.0
17.4750002987,254.0
16.2000003161,259.0
17.5500003162,259.0
16.2750003335,264.0
17.6500003336,264.0
16.500000351,269.0
17.9250003511,269.0
16.6000003685,274.0
18.0500003686,274.0
16.700000386,279.0
18.150000386,279.0
16.8250004034,284.0
18.2750004035,284.0
16.9250004209,289.0
18.400000421,289.0
17.0000004384,294.0
18.5000004384,294.0
17.1500004558,299.0
18.6750004559,299.0
17.2500004733,304.0
18.8000004734,304.0
17.4500004908,309.0
18.9750004909,309.0
17.5000005082,314.0
19.0500005083,314.0
17.5500005257,319.0
19.1250005258,319.0
17.7000005432,324.0
19.2750005433,324.0
17.7750005606,329.0
19.3500005607,329.0
13.3750000001,9.25
13.3999999999,14.25
14.2999999999,14.25
15.7249999999,14.25
14.4000000003,19.25
15.4000000003,19.25
13.5750000014,24.25
14.4250000014,24.25
15.2000000014,24.25
16.2500000014,24.25
14.6750000025,29.25
16.0750000025,29.25
16.8750000025,29.25
17.9250000025,29.25
13.9750000036,34.25
15.6250000036,34.25
16.4750000036,34.25
17.3000000036,34.25
18.5000000036,34.25
13.7750000047,39.25
14.5750000047,39.25
15.5250000047,39.25
16.5000000047,39.25
17.4000000047,39.25
18.4000000047,39.25
19.2250000047,39.25
20.4000000047,39.25
14.6250000037,44.25
15.5500000036,44.25
16.6250000036,44.25
17.5500000036,44.25
18.6250000036,44.25
19.5250000036,44.25
20.5000000036,44.25
15.3999999993,49.25
16.3249999993,49.25
17.0999999993,49.25
18.1749999992,49.25
18.9749999992,49.25
19.6249999992,49.25
20.2999999992,49.25
20.9499999992,49.25
21.6749999992,49.25
17.2249999949,54.25
18.1499999949,54.25
19.3749999949,54.25
20.2749999948,54.25
20.9999999948,54.25
21.6249999948,54.25
22.3999999948,54.25
14.0499999906,59.25
15.1499999906,59.25
15.9749999905,59.25
17.5749999905,59.25
18.4999999905,59.25
19.3999999905,59.25
20.4249999905,59.25
21.2749999905,59.25
21.9999999905,59.25
23.9249999904,59.25
14.2249999862,64.25
16.0999999862,64.25
18.0499999861,64.25
19.6249999861,64.25
21.0499999861,64.25
21.8999999861,64.25
22.6999999861,64.25
14.0999999818,69.25
15.0249999818,69.25
15.8999999818,69.25
17.4249999818,69.25
18.4499999818,69.25
19.3249999818,69.25
20.0999999818,69.25
20.7749999817,69.25
21.5499999817,69.25
22.4499999817,69.25
23.3749999817,69.25
24.3749999817,69.25
25.3499999817,69.25
18.6999999774,74.25
20.9749999774,74.25
21.8499999774,74.25
22.7499999774,74.25
23.6999999773,74.25
21.099999973,79.25
23.299999973,79.25
16.1749999687,84.25
17.5999999687,84.25
18.9999999687,84.25
21.0999999686,84.25
22.3499999686,84.25
14.1749999644,89.25
15.4249999644,89.25
17.8249999643,89.25
18.8749999643,89.25
20.7999999643,89.25
21.9249999643,89.25
24.2999999642,89.25
13.99999996,94.25
15.04999996,94.25
15.87499996,94.25
17.69999996,94.25
18.6249999599,94.25
19.5499999599,94.25
20.8249999599,94.25
21.9749999599,94.25
18.6499999556,99.25
27.5999999555,99.25
17.9749999512,104.25
20.2249999512,104.25
23.7249999511,104.25
14.2499999469,109.25
16.7749999469,109.25
17.7249999469,109.25
19.7749999468,109.25
17.8999999425,114.25
18.8499999425,114.25
20.8499999425,114.25
24.0249999424,114.25
17.8999999381,119.25
20.7499999381,119.25
21.8249999381,119.25
14.3999999338,124.25
16.6249999338,124.25
17.6499999338,124.25
19.3749999337,124.25
20.5249999337,124.25
21.5499999337,124.25
22.5999999337,124.25
23.7249999337,124.25
15.6249999294,129.25
16.5999999294,129.25
18.3749999294,129.25
21.5749999293,129.25
13.2999999251,134.25
14.0999999251,134.25
15.1499999251,134.25
13.5249999207,139.25
14.4249999207,139.25
15.8749999207,139.25
13.5499999164,144.25
14.4499999164,144.25
15.9499999163,144.25
13.6999999318,149.25
14.6249999318,149.25
16.2749999319,149.25
13.7499999492,154.25
14.6749999493,154.25
16.2749999494,154.25
13.8749999667,159.25
14.8249999668,159.25
16.4999999669,159.25
13.9999999842,164.25
14.9749999842,164.25
16.7499999843,164.25
14.1250000016,169.25
15.1250000017,169.25
17.3000000018,169.25
14.2250000191,174.25
15.2000000192,174.25
17.5250000193,174.25
14.3750000366,179.25
15.4000000366,179.25
14.450000054,184.25
15.4500000541,184.25
14.5250000715,189.25
15.5500000716,189.25
14.650000089,194.25
15.700000089,194.25
14.8250001065,199.25
15.9250001065,199.25
14.9000001239,204.25
16.000000124,204.25
15.0500001414,209.25
16.1750001415,209.25
15.1750001589,214.25
16.3250001589,214.25
15.2750001763,219.25
16.4500001764,219.25
15.4000001938,224.25
16.6250001939,224.25
15.5250002113,229.25
16.7250002113,229.25
15.7000002287,234.25
16.9500002288,234.25
15.7500002462,239.25
17.0250002463,239.25
15.9750002637,244.25
17.3000002638,244.25
16.0750002812,249.25
17.4000002812,249.25
16.1500002986,254.25
17.4750002987,254.25
16.2500003161,259.25
17.6000003162,259.25
16.3750003336,264.25
17.7500003336,264.25
16.550000351,269.25
17.9500003511,269.25
16.5500003685,274.25
17.9500003686,274.25
16.700000386,279.25
18.150000386,279.25
16.7500004034,284.25
18.2000004035,284.25
16.9250004209,289.25
18.400000421,289.25
17.0500004384,294.25
18.5500004385,294.25
17.1250004558,299.25
18.6250004559,299.25
17.2500004733,304.25
18.7750004734,304.25
17.4000004908,309.25
18.9750004909,309.25
17.5000005082,314.25
19.0500005083,314.25
17.5750005257,319.25
19.1500005258,319.25
17.6500005432,324.25
19.2250005433,324.25
17.7750005606,329.25
19.3750005607,329.25
13.4000000001,9.5
13.3249999999,14.5
14.1249999999,14.5
15.1499999999,14.5
13.4000000003,19.5
14.3000000003,19.5
15.7250000003,19.5
14.7250000014,24.5
16.0750000014,24.5
13.5750000025,29.5
14.4500000025,29.5
15.2250000025,29.5
16.2500000025,29.5
17.0250000025,29.5
17.9750000025,29.5
20.0000000025,29.5
13.7000000036,34.5
14.5250000036,34.5
15.4000000036,34.5
16.4000000036,34.5
17.2500000036,34.5
17.9250000036,34.5
18.7500000036,34.5
19.9000000036,34.5
15.0000000047,39.5
16.5500000047,39.5
17.6750000047,39.5
18.5500000047,39.5
19.4750000047,39.5
21.0750000047,39.5
14.2000000037,44.5
15.6250000036,44.5
16.4750000036,44.5
17.3500000036,44.5
18.4250000036,44.5
19.2750000036,44.5
20.5500000036,44.5
15.5749999993,49.5
16.4749999993,49.5
17.2999999993,49.5
18.0499999992,49.5
19.0249999992,49.5
19.7499999992,49.5
20.6499999992,49.5
22.2749999992,49.5
15.6749999949,54.5
16.5499999949,54.5
17.5499999949,54.5
18.5249999949,54.5
19.4999999949,54.5
20.4499999948,54.5
21.2749999948,54.5
21.9999999948,54.5
17.5249999905,59.5
19.0249999905,59.5
19.8999999905,59.5
21.3749999905,59.5
22.2999999905,59.5
15.8499999862,64.5
16.9999999862,64.5
19.1249999861,64.5
20.7249999861,64.5
22.6499999861,64.5
14.0249999818,69.5
16.6499999818,69.5
19.4999999818,69.5
20.7749999817,69.5
21.5999999817,69.5
23.4499999817,69.5
24.4749999817,69.5
16.9999999774,74.5
18.0749999774,74.5
18.8749999774,74.5
20.5499999774,74.5
22.0999999774,74.5
23.4249999773,74.5
24.4749999773,74.5
25.4749999773,74.5
14.7749999731,79.5
19.174999973,79.5
21.399999973,79.5
22.449999973,79.5
24.199999973,79.5
15.8749999687,84.5
17.0499999687,84.5
19.1249999687,84.5
21.2999999686,84.5
14.6499999644,89.5
21.3999999643,89.5
22.5499999643,89.5
23.5749999642,89.5
24.5999999642,89.5
27.9249999642,89.5
29.1999999642,89.5
15.74999996,94.5
16.84999996,94.5
19.0749999599,94.5
21.1749999599,94.5
15.8749999556,99.5
17.0749999556,99.5
20.0499999556,99.5
15.5999999513,104.5
16.5249999512,104.5
17.4499999512,104.5
18.3749999512,104.5
19.1999999512,104.5
20.6499999512,104.5
14.1499999469,109.5
15.3499999469,109.5
16.8499999469,109.5
17.8999999469,109.5
18.8999999468,109.5
19.6999999468,109.5
21.6499999468,109.5
14.1499999426,114.5
15.1249999425,114.5
16.0249999425,114.5
17.4999999425,114.5
19.7249999425,114.5
20.6249999425,114.5
23.0249999424,114.5
14.2249999382,119.5
16.0499999382,119.5
22.5249999381,119.5
14.4999999338,124.5
17.0749999338,124.5
19.5999999337,124.5
20.6499999337,124.5
21.5499999337,124.5
14.4249999295,129.5
16.6249999294,129.5
17.5999999294,129.5
19.4499999294,129.5
20.5999999294,129.5
13.2999999251,134.5
14.0999999251,134.5
15.1499999251,134.5
13.4999999207,139.5
14.3999999207,139.5
15.8249999207,139.5
13.5999999164,144.5
14.4999999164,144.5
16.0249999163,144.5
13.6749999318,149.5
14.5999999318,149.5
16.1499999319,149.5
13.7749999492,154.5
14.6999999493,154.5
16.3499999494,154.5
13.8749999667,159.5
14.7999999668,159.5
16.4249999669,159.5
13.9999999842,164.5
14.9499999842,164.5
16.7499999843,164.5
14.1000000016,169.5
15.0750000017,169.5
17.0500000018,169.5
14.2000000191,174.5
15.2000000192,174.5
17.4000000193,174.5
14.3000000366,179.5
15.2750000366,179.5
17.3500000368,179.5
14.450000054,184.5
15.4500000541,184.5
14.5000000715,189.5
15.5250000716,189.5
14.700000089,194.5
15.750000089,194.5
14.8000001065,199.5
15.8500001065,199.5
14.8750001239,204.5
15.975000124,204.5
15.1000001414,209.5
16.2250001415,209.5
15.1500001589,214.5
16.3000001589,214.5
15.2750001763,219.5
16.4250001764,219.5
15.4250001938,224.5
16.6000001939,224.5
15.5750002113,229.5
16.8000002113,229.5
15.6750002287,234.5
16.9250002288,234.5
15.8500002462,239.5
17.1250002463,239.5
15.9500002637,244.5
17.2500002638,244.5
16.0250002811,249.5
17.3500002812,249.5
16.1250002986,254.5
17.4750002987,254.5
16.2750003161,259.5
17.6500003162,259.5
16.3500003336,264.5
17.7250003336,264.5
16.475000351,269.5
17.9000003511,269.5
16.6000003685,274.5
18.0000003686,274.5
16.750000386,279.5
18.200000386,279.5
16.8250004034,284.5
18.2750004035,284.5
16.9250004209,289.5
18.400000421,289.5
17.1000004384,294.5
18.5750004385,294.5
17.1000004558,299.5
18.6000004559,299.5
17.2250004733,304.5
18.7500004734,304.5
17.3750004908,309.5
18.9000004909,309.5
17.4750005082,314.5
19.0250005083,314.5
17.6000005257,319.5
19.1750005258,319.5
17.7000005432,324.5
19.2750005433,324.5
17.7750005606,329.5
19.3750005607,329.5
13.3500000001,9.75
13.3999999999,14.75
14.2999999999,14.75
15.6999999999,14.75
13.4000000003,19.75
14.2750000003,19.75
14.9750000003,19.75
15.8000000003,19.75
17.0500000003,19.75
13.4250000014,24.75
14.3250000014,24.75
15.4000000014,24.75
16.2250000014,24.75
17.3750000014,24.75
14.8000000025,29.75
16.2500000025,29.75
17.1000000025,29.75
18.3500000025,29.75
13.7500000036,34.75
15.4250000036,34.75
16.4250000036,34.75
17.5000000036,34.75
18.4000000036,34.75
19.9000000036,34.75
14.3500000047,39.75
15.7250000047,39.75
17.4250000047,39.75
18.3250000047,39.75
19.0750000047,39.75
20.0250000047,39.75
17.0500000036,44.75
17.9000000036,44.75
19.2250000036,44.75
20.0750000036,44.75
21.4000000036,44.75
15.5249999993,49.75
16.8749999993,49.75
17.7499999993,49.75
18.9499999992,49.75
19.7499999992,49.75
20.4749999992,49.75
21.1999999992,49.75
22.1249999992,49.75
15.8749999949,54.75
17.6749999949,54.75
18.5249999949,54.75
19.3499999949,54.75
20.0999999949,54.75
21.0749999948,54.75
21.7999999948,54.75
14.2499999906,59.75
16.0999999905,59.75
17.0249999905,59.75
17.7499999905,59.75
18.6999999905,59.75
19.5499999905,59.75
20.4499999905,59.75
21.4249999905,59.75
22.2999999905,59.75
16.1999999862,64.75
18.9249999861,64.75
20.6249999861,64.75
22.3749999861,64.75
18.1249999818,69.75
19.3249999818,69.75
20.2749999818,69.75
21.5249999817,69.75
23.5499999817,69.75
24.5999999817,69.75
15.4999999775,74.75
17.8999999774,74.75
18.9499999774,74.75
20.5749999774,74.75
22.0749999774,74.75
23.4249999773,74.75
25.1499999773,74.75
26.1749999773,74.75
16.5499999731,79.75
14.2249999687,84.75
18.4749999687,84.75
20.7249999686,84.75
23.9249999686,84.75
14.7499999644,89.75
15.6999999644,89.75
18.1249999643,89.75
19.1999999643,89.75
20.2499999643,89.75
21.6749999643,89.75
22.8499999643,89.75
14.59999996,94.75
15.62499996,94.75
16.59999996,94.75
19.5499999599,94.75
22.9999999599,94.75
17.7249999556,99.75
18.6749999556,99.75
20.6749999556,99.75
21.6249999555,99.75
22.6249999555,99.75
18.2999999512,104.75
19.3749999512,104.75
20.3999999512,104.75
21.3999999512,104.75
22.3999999512,104.75
21.6999999468,109.75
14.4499999425,114.75
16.4249999425,114.75
18.1499999425,114.75
19.3499999425,114.75
20.3249999425,114.75
21.2999999424,114.75
17.7499999381,119.75
16.1999999338,124.75
18.9999999337,124.75
20.1999999337,124.75
21.9999999337,124.75
14.4249999295,129.75
15.5749999294,129.75
17.8249999294,129.75
18.7249999294,129.75
21.3249999294,129.75
13.3999999251,134.75
14.2999999251,134.75
15.7749999251,134.75
13.4999999207,139.75
14.3999999207,139.75
15.8499999207,139.75
13.5999999164,144.75
14.5249999164,144.75
15.9749999163,144.75
13.6749999318,149.75
14.5999999318,149.75
16.1999999319,149.75
13.7749999492,154.75
14.6999999493,154.75
16.2999999494,154.75
13.8749999667,159.75
14.7999999668,159.75
16.5499999669,159.75
13.9749999842,164.75
14.9249999842,164.75
16.6499999843,164.75
14.0750000016,169.75
15.0250000017,169.75
16.8250000018,169.75
14.2500000191,174.75
15.2250000192,174.75
17.5750000193,174.75
14.3500000366,179.75
15.3250000366,179.75
17.8500000368,179.75
14.450000054,184.75
15.4500000541,184.75
14.5500000715,189.75
15.6000000716,189.75
14.625000089,194.75
15.675000089,194.75
14.8000001065,199.75
15.8750001065,199.75
14.9250001239,204.75
16.025000124,204.75
15.0750001414,209.75
16.2250001415,209.75
15.1750001589,214.75
16.3000001589,214.75
15.3000001763,219.75
16.4750001764,219.75
15.4500001938,224.75
16.6750001939,224.75
15.6250002113,229.75
16.8500002113,229.75
15.6750002287,234.75
16.9250002288,234.75
15.8000002462,239.75
17.0750002463,239.75
15.9000002637,244.75
17.2000002638,244.75
16.0250002811,249.75
17.3250002812,249.75
16.1750002986,254.75
17.5250002987,254.75
16.2500003161,259.75
17.6000003162,259.75
16.3250003336,264.75
17.7000003336,264.75
16.475000351,269.75
17.9000003511,269.75
16.6000003685,274.75
18.0000003686,274.75
16.700000386,279.75
18.125000386,279.75
16.7750004034,284.75
18.2250004035,284.75
16.9250004209,289.75
18.375000421,289.75
17.0250004384,294.75
18.5250004385,294.75
17.1750004558,299.75
18.7000004559,299.75
17.2500004733,304.75
18.8000004734,304.75
17.3750004908,309.75
18.9000004909,309.75
17.5000005082,314.75
19.0500005083,314.75
17.5750005257,319.75
19.1250005258,319.75
17.6500005432,324.75
19.2500005433,324.75
17.8750005606,329.75
19.4750005607,329.75
