13.6500000001,5.0
13.3499999999,10.0
14.2249999999,10.0
15.4749999999,10.0
13.5000000003,15.0
14.5000000003,15.0
13.6500000014,20.0
14.9500000014,20.0
15.7750000014,20.0
16.8500000014,20.0
13.6500000025,25.0
14.4750000025,25.0
15.3500000025,25.0
16.4000000025,25.0
17.2750000025,25.0
18.5000000025,25.0
13.8500000036,30.0
15.5250000036,30.0
16.7000000036,30.0
17.6000000036,30.0
18.6000000036,30.0
14.8250000047,35.0
15.8750000047,35.0
16.6750000047,35.0
17.6750000047,35.0
18.5250000047,35.0
19.4500000047,35.0
21.2000000047,35.0
17.0000000036,40.0
18.5750000036,40.0
19.8750000036,40.0
14.4999999993,45.0
15.5499999993,45.0
16.4249999993,45.0
17.2749999993,45.0
18.0249999992,45.0
18.9999999992,45.0
19.7499999992,45.0
20.6999999992,45.0
15.7499999949,50.0
17.6499999949,50.0
19.2499999949,50.0
20.1749999949,50.0
21.3999999948,50.0
22.3749999948,50.0
16.8749999905,55.0
17.8249999905,55.0
19.4499999905,55.0
20.4249999905,55.0
21.2999999905,55.0
22.4499999905,55.0
24.1249999904,55.0
14.4999999862,60.0
15.7249999862,60.0
18.0249999862,60.0
19.8499999861,60.0
21.4999999861,60.0
23.7499999861,60.0
14.6499999818,65.0
16.9749999818,65.0
19.6249999818,65.0
21.4999999817,65.0
22.5249999817,65.0
23.4749999817,65.0
24.4249999817,65.0
15.3999999775,70.0
17.8999999774,70.0
18.8499999774,70.0
20.8499999774,70.0
23.3999999773,70.0
19.674999973,75.0
17.6999999687,80.0
16.7249999643,85.0
18.0249999643,85.0
20.5249999643,85.0
21.7499999643,85.0
17.17499996,90.0
18.5499999599,90.0
26.8499999598,90.0
16.5999999556,95.0
17.6499999556,95.0
19.6499999556,95.0
20.7499999556,95.0
21.7749999555,95.0
14.4999999513,100.0
15.6999999513,100.0
16.5999999512,100.0
19.5249999512,100.0
14.6499999469,105.0
15.6999999469,105.0
16.6249999469,105.0
18.7999999468,105.0
19.7749999468,105.0
22.9749999468,105.0
16.6749999425,110.0
17.8249999425,110.0
18.9499999425,110.0
19.8499999425,110.0
21.8249999424,110.0
16.7499999381,115.0
19.0249999381,115.0
20.2999999381,115.0
21.3749999381,115.0
21.8249999337,120.0
18.5749999294,125.0
13.3749999251,130.0
14.2499999251,130.0
15.4999999251,130.0
13.5499999207,135.0
14.5499999207,135.0
13.6499999164,140.0
14.6749999164,140.0
13.7499999318,145.0
14.7499999318,145.0
13.8749999492,150.0
14.9249999493,150.0
13.9499999667,155.0
14.9999999668,155.0
14.1249999842,160.0
15.1999999842,160.0
14.2250000016,165.0
15.3250000017,165.0
14.3000000191,170.0
15.4000000192,170.0
14.4750000366,175.0
15.6000000367,175.0
14.5250000541,180.0
15.6750000541,180.0
14.6500000715,185.0
15.8250000716,185.0
14.850000089,190.0
16.1000000891,190.0
14.9250001065,195.0
16.2000001065,195.0
15.0500001239,200.0
16.350000124,200.0
15.2000001414,205.0
16.5250001415,205.0
15.2750001589,210.0
16.6500001589,210.0
15.4000001763,215.0
16.8000001764,215.0
15.5000001938,220.0
16.9250001939,220.0
15.6250002113,225.0
17.1000002114,225.0
15.7500002287,230.0
17.2500002288,230.0
15.8750002462,235.0
17.4250002463,235.0
16.0000002637,240.0
17.5750002638,240.0
16.1000002812,245.0
17.7500002812,245.0
16.2250002986,250.0
17.9000002987,250.0
16.3250003161,255.0
18.0500003162,255.0
16.5000003336,260.0
18.3250003337,260.0
16.600000351,265.0
18.4500003511,265.0
16.6500003685,270.0
18.5250003686,270.0
16.750000386,275.0
18.6750003861,275.0
16.9250004034,280.0
18.9500004036,280.0
17.0500004209,285.0
19.075000421,285.0
17.1500004384,290.0
19.2250004385,290.0
17.2250004558,295.0
19.375000456,295.0
17.3500004733,300.0
19.5750004734,300.0
17.4500004908,305.0
19.7250004909,305.0
17.6250005082,310.0
19.8750005084,310.0
17.7000005257,315.0
20.1750005259,315.0
17.7750005432,320.0
20.1000005433,320.0
17.9000005607,325.0
20.4750005608,325.0
13.6500000001,5.25
13.3249999999,10.25
14.1999999999,10.25
15.4499999999,10.25
13.4500000003,15.25
14.4250000003,15.25
17.4000000003,15.25
13.6500000014,20.25
14.9000000014,20.25
15.7250000014,20.25
16.7750000014,20.25
14.8000000025,25.25
16.4250000025,25.25
17.3750000025,25.25
19.1500000025,25.25
15.0000000036,30.25
15.7750000036,30.25
16.8000000036,30.25
17.6000000036,30.25
18.5250000036,30.25
20.1000000036,30.25
14.3000000047,35.25
15.2750000047,35.25
16.0750000047,35.25
16.7750000047,35.25
17.6250000047,35.25
18.4750000047,35.25
19.3250000047,35.25
20.5500000047,35.25
14.4250000037,40.25
15.4000000037,40.25
16.3000000036,40.25
17.4250000036,40.25
18.3750000036,40.25
19.4250000036,40.25
20.3250000036,40.25
21.7750000036,40.25
15.9499999993,45.25
16.8249999993,45.25
17.5749999993,45.25
18.4249999992,45.25
19.4249999992,45.25
20.2499999992,45.25
20.9749999992,45.25
21.8499999992,45.25
17.6249999949,50.25
18.5499999949,50.25
19.5749999949,50.25
20.5249999948,50.25
21.3749999948,50.25
22.1749999948,50.25
14.7249999906,55.25
19.0749999905,55.25
20.6749999905,55.25
22.4749999905,55.25
19.5999999861,60.25
21.4499999861,60.25
22.4499999861,60.25
23.8249999861,60.25
15.9499999818,65.25
18.1999999818,65.25
20.1999999818,65.25
21.6749999817,65.25
22.6749999817,65.25
24.6749999817,65.25
20.5499999774,70.25
22.4249999774,70.25
23.449999973,75.25
24.649999973,75.25
18.8999999687,80.25
18.7749999643,85.25
21.1749999643,85.25
19.1499999599,90.25
22.2999999599,90.25
16.4499999556,95.25
17.4999999556,95.25
19.8249999556,95.25
20.0499999512,100.25
21.5249999512,100.25
16.8249999425,110.25
19.7499999425,110.25
21.6749999381,115.25
16.8999999338,120.25
17.8749999338,120.25
19.8749999337,120.25
20.9749999337,120.25
16.0749999294,125.25
17.3249999294,125.25
18.2749999294,125.25
19.2749999294,125.25
20.6499999294,125.25
21.7249999293,125.25
22.8499999293,125.25
13.6499999251,130.25
13.5499999207,135.25
14.5749999207,135.25
13.6749999164,140.25
14.6749999164,140.25
13.7749999318,145.25
14.7999999318,145.25
13.8999999492,150.25
14.9249999493,150.25
13.9249999667,155.25
14.9749999668,155.25
14.0999999842,160.25
15.1749999842,160.25
14.1500000016,165.25
15.2500000017,165.25
14.3500000191,170.25
15.4750000192,170.25
14.4000000366,175.25
15.5500000366,175.25
14.5500000541,180.25
15.7000000541,180.25
14.6750000715,185.25
15.8500000716,185.25
14.850000089,190.25
16.1000000891,190.25
14.9750001065,195.25
16.2750001065,195.25
15.0500001239,200.25
16.400000124,200.25
15.1750001414,205.25
16.5000001415,205.25
15.3250001589,210.25
16.700000159,210.25
15.4000001763,215.25
16.8000001764,215.25
15.5250001938,220.25
16.9250001939,220.25
15.6000002113,225.25
17.0500002114,225.25
15.8000002287,230.25
17.3250002288,230.25
15.8750002462,235.25
17.4750002463,235.25
16.0000002637,240.25
17.6250002638,240.25
16.1000002812,245.25
17.7500002812,245.25
16.2250002986,250.25
17.9250002987,250.25
16.3500003161,255.25
18.1000003162,255.25
16.5000003336,260.25
18.3250003337,260.25
16.650000351,265.25
18.4500003511,265.25
16.6750003685,270.25
18.5750003686,270.25
16.825000386,275.25
18.8000003861,275.25
16.8750004034,280.25
18.8750004035,280.25
17.0250004209,285.25
19.025000421,285.25
17.1250004384,290.25
19.2500004385,290.25
17.2500004558,295.25
19.400000456,295.25
17.3000004733,300.25
19.4750004734,300.25
17.4000004908,305.25
19.6000004909,305.25
17.6000005082,310.25
19.8750005084,310.25
17.6500005257,315.25
19.9750005258,315.25
17.7750005432,320.25
20.2500005433,320.25
17.9000005607,325.25
20.4250005608,325.25
13.6750000001,5.5
13.3499999999,10.5
14.2249999999,10.5
15.4749999999,10.5
14.5000000003,15.5
15.6250000003,15.5
14.7750000014,20.5
15.5750000014,20.5
16.4500000014,20.5
17.8250000014,20.5
13.6000000025,25.5
14.4500000025,25.5
15.2750000025,25.5
16.3250000025,25.5
17.1500000025,25.5
18.2750000025,25.5
15.0750000036,30.5
16.5750000036,30.5
17.4500000036,30.5
18.2500000036,30.5
19.3500000036,30.5
15.5000000047,35.5
16.7000000047,35.5
17.6250000047,35.5
18.4500000047,35.5
19.2500000047,35.5
20.3500000047,35.5
16.8000000036,40.5
18.4750000036,40.5
19.3750000036,40.5
20.1750000036,40.5
21.2250000036,40.5
16.0499999993,45.5
16.9249999993,45.5
18.3499999992,45.5
19.3249999992,45.5
20.4249999992,45.5
21.3749999992,45.5
15.7749999949,50.5
17.5499999949,50.5
18.9999999949,50.5
19.8499999949,50.5
20.5749999948,50.5
21.3749999948,50.5
16.2499999905,55.5
18.3999999905,55.5
19.4249999905,55.5
20.3249999905,55.5
21.4249999905,55.5
22.3249999905,55.5
23.2749999904,55.5
14.4249999862,60.5
17.1999999862,60.5
19.3499999861,60.5
20.7499999861,60.5
22.6249999861,60.5
23.6249999861,60.5
16.8999999818,65.5
17.8749999818,65.5
19.8499999818,65.5
20.7249999817,65.5
21.5249999817,65.5
22.5499999817,65.5
24.4249999817,65.5
17.0749999774,70.5
19.7249999774,70.5
21.8499999774,70.5
15.4999999731,75.5
16.5999999731,75.5
18.824999973,75.5
19.774999973,75.5
21.824999973,75.5
22.949999973,75.5
23.824999973,75.5
18.8249999687,80.5
19.9999999687,80.5
21.2499999686,80.5
17.1499999643,85.5
18.3249999643,85.5
19.9749999643,85.5
21.1999999643,85.5
24.8249999642,85.5
14.59999996,90.5
17.27499996,90.5
19.2999999599,90.5
18.3749999556,95.5
21.2499999555,95.5
22.6249999555,95.5
18.5999999512,100.5
19.6749999512,100.5
21.9249999512,100.5
15.7749999469,105.5
18.2249999469,105.5
20.1499999468,105.5
21.4249999468,105.5
15.5999999425,110.5
16.7249999425,110.5
17.7749999425,110.5
20.1999999425,110.5
16.0999999382,115.5
19.2749999381,115.5
21.8749999381,115.5
14.0249999338,120.5
16.5749999338,120.5
17.6249999338,120.5
18.6249999338,120.5
20.5499999337,120.5
21.5999999337,120.5
22.8249999337,120.5
16.3999999294,125.5
18.6999999294,125.5
21.8249999293,125.5
13.5249999207,135.5
14.5249999207,135.5
13.6749999164,140.5
14.6999999163,140.5
13.7749999318,145.5
14.7749999318,145.5
13.8749999492,150.5
14.9249999493,150.5
13.9999999667,155.5
15.0749999668,155.5
14.1499999842,160.5
15.2249999842,160.5
14.2500000016,165.5
15.3750000017,165.5
14.3000000191,170.5
15.4250000192,170.5
14.4500000366,175.5
15.6000000367,175.5
14.5750000541,180.5
15.7500000541,180.5
14.7250000715,185.5
15.9500000716,185.5
14.800000089,190.5
16.0500000891,190.5
14.9250001065,195.5
16.1750001065,195.5
15.0500001239,200.5
16.350000124,200.5
15.1500001414,205.5
16.4500001415,205.5
15.2250001589,210.5
16.5750001589,210.5
15.4500001763,215.5
16.8250001764,215.5
15.5500001938,220.5
16.9750001939,220.5
15.6500002113,225.5
17.1500002114,225.5
15.7500002287,230.5
17.2750002288,230.5
15.8750002462,235.5
17.4250002463,235.5
16.0000002637,240.5
17.5750002638,240.5
16.1250002812,245.5
17.7750002812,245.5
16.2250002986,250.5
17.9250002987,250.5
16.3500003161,255.5
18.0750003162,255.5
16.4500003336,260.5
18.2500003337,260.5
16.625000351,265.5
18.5250003511,265.5
16.6750003685,270.5
18.5000003686,270.5
16.800000386,275.5
18.7000003861,275.5
16.9250004034,280.5
18.9000004035,280.5
17.0250004209,285.5
19.100000421,285.5
17.1250004384,290.5
19.2250004385,290.5
17.2250004558,295.5
19.325000456,295.5
17.3500004733,300.5
19.5000004734,300.5
17.4500004908,305.5
19.7500004909,305.5
17.5500005082,310.5
19.8250005084,310.5
17.6250005257,315.5
20.0250005258,315.5
17.7750005432,320.5
20.1500005433,320.5
17.9250005607,325.5
20.5500005608,325.5
13.6500000001,5.75
14.5250000003,15.75
15.6750000003,15.75
13.6250000014,20.75
14.9250000014,20.75
15.7500000014,20.75
16.8250000014,20.75
13.6000000025,25.75
14.4500000025,25.75
15.2750000025,25.75
16.3250000025,25.75
17.1500000025,25.75
18.2750000025,25.75
14.9000000036,30.75
15.7000000036,30.75
16.7000000036,30.75
17.5250000036,30.75
18.4250000036,30.75
20.0000000036,30.75
15.0500000047,35.75
15.9000000047,35.75
17.1250000047,35.75
17.9250000047,35.75
19.0750000047,35.75
15.8500000036,40.75
16.7000000036,40.75
17.9000000036,40.75
18.7250000036,40.75
19.8250000036,40.75
15.8249999993,45.75
17.6249999993,45.75
19.2999999992,45.75
20.2499999992,45.75
21.0249999992,45.75
21.9999999992,45.75
15.6249999949,50.75
17.3999999949,50.75
18.3249999949,50.75
19.1499999949,50.75
19.8249999949,50.75
20.6249999948,50.75
21.4249999948,50.75
22.2249999948,50.75
20.6499999905,55.75
21.5249999905,55.75
22.8499999904,55.75
16.3749999862,60.75
18.8499999861,60.75
20.6249999861,60.75
22.3749999861,60.75
23.6249999861,60.75
17.9999999818,65.75
20.3249999818,65.75
21.3499999817,65.75
22.2499999817,65.75
24.1749999773,70.75
25.6999999773,70.75
18.999999973,75.75
20.374999973,75.75
21.574999973,75.75
23.099999973,75.75
19.0749999643,85.75
20.1749999643,85.75
21.9749999643,85.75
17.14999996,90.75
14.6499999556,95.75
15.8749999556,95.75
16.7749999556,95.75
21.8249999555,95.75
23.0499999512,100.75
19.4999999468,105.75
20.5749999468,105.75
21.6499999468,105.75
19.5499999425,110.75
22.1499999424,110.75
14.8749999382,115.75
17.4749999381,115.75
20.4499999381,115.75
21.5499999381,115.75
16.9249999338,120.75
18.2499999338,120.75
21.1249999294,125.75
13.4749999251,130.75
14.4749999251,130.75
16.849999925,130.75
13.5499999207,135.75
14.5499999207,135.75
13.6749999164,140.75
14.6749999164,140.75
13.7749999318,145.75
14.7999999318,145.75
13.8749999492,150.75
14.9249999493,150.75
13.9749999667,155.75
15.0249999668,155.75
14.0749999842,160.75
15.1499999842,160.75
14.2000000016,165.75
15.3250000017,165.75
14.3500000191,170.75
15.4750000192,170.75
14.4250000366,175.75
15.5750000366,175.75
14.5500000541,180.75
15.7250000541,180.75
14.6500000715,185.75
15.8500000716,185.75
14.800000089,190.75
16.0250000891,190.75
14.9750001065,195.75
16.2500001065,195.75
15.0500001239,200.75
16.375000124,200.75
15.1000001414,205.75
16.4250001415,205.75
15.3250001589,210.75
16.700000159,210.75
15.4250001763,215.75
16.8500001764,215.75
15.5250001938,220.75
16.9500001939,220.75
15.6000002113,225.75
17.0750002114,225.75
15.7750002287,230.75
17.2750002288,230.75
15.8250002462,235.75
17.4000002463,235.75
15.9500002637,240.75
17.5750002638,240.75
16.1500002812,245.75
17.8000002813,245.75
16.2250002986,250.75
17.9000002987,250.75
16.3500003161,255.75
18.1000003162,255.75
16.4500003336,260.75
18.2500003337,260.75
16.600000351,265.75
18.3750003511,265.75
16.7250003685,270.75
18.6000003686,270.75
16.825000386,275.75
18.7500003861,275.75
16.8750004034,280.75
18.8750004035,280.75
17.0250004209,285.75
19.050000421,285.75
17.1250004384,290.75
19.2250004385,290.75
17.2500004558,295.75
19.425000456,295.75
17.3250004733,300.75
19.4500004734,300.75
17.4500004908,305.75
19.8500004909,305.75
17.5750005082,310.75
19.9500005084,310.75
17.6500005257,315.75
20.0250005258,315.75
17.7250005432,320.75
20.1500005433,320.75
17.9250005607,325.75
20.5000005608,325.75
13.6750000001,6.0
13.5999999999,11.0
13.4750000003,16.0
14.4750000003,16.0
13.6000000014,21.0
14.8250000014,21.0
15.6500000014,21.0
16.6750000014,21.0
13.7750000025,26.0
15.4500000025,26.0
16.3750000025,26.0
17.1750000025,26.0
18.2000000025,26.0
14.3250000036,31.0
15.3500000036,31.0
16.5250000036,31.0
17.3750000036,31.0
18.1750000036,31.0
19.2750000036,31.0
15.7000000047,36.0
16.5750000047,36.0
17.3750000047,36.0
18.1500000047,36.0
19.1750000047,36.0
15.5750000036,41.0
16.5000000036,41.0
17.4500000036,41.0
18.4500000036,41.0
19.3000000036,41.0
20.0500000036,41.0
20.9500000036,41.0
17.2749999993,46.0
18.2499999992,46.0
19.0249999992,46.0
19.6999999992,46.0
20.4999999992,46.0
21.6749999992,46.0
17.1999999949,51.0
18.7249999949,51.0
20.3249999948,51.0
21.2749999948,51.0
14.4499999906,56.0
15.4999999906,56.0
17.6749999905,56.0
18.5749999905,56.0
19.4249999905,56.0
20.2499999905,56.0
20.9749999905,56.0
21.8749999905,56.0
22.7499999904,56.0
14.6499999862,61.0
15.8249999862,61.0
18.1249999861,61.0
19.1749999861,61.0
20.5999999861,61.0
22.0499999861,61.0
14.0249999818,66.0
16.8499999818,66.0
19.7999999818,66.0
21.6999999817,66.0
24.7249999817,66.0
14.5999999775,71.0
19.4999999774,71.0
20.4749999774,71.0
21.4499999774,71.0
22.6249999774,71.0
23.5499999773,71.0
25.7749999773,71.0
16.3499999731,76.0
17.4249999731,76.0
20.424999973,76.0
21.449999973,76.0
22.399999973,76.0
23.374999973,76.0
24.349999973,76.0
25.8249999729,76.0
27.0999999729,76.0
20.7999999686,81.0
21.8999999686,81.0
16.4999999643,86.0
18.9249999643,86.0
21.2499999643,86.0
15.82499996,91.0
16.87499996,91.0
18.9249999599,91.0
15.7249999556,96.0
18.7499999556,96.0
19.7749999556,96.0
21.9499999555,96.0
19.9999999512,101.0
18.1999999469,106.0
19.5249999468,106.0
20.5499999468,106.0
16.0999999425,111.0
18.5999999425,111.0
16.4249999382,116.0
18.8749999381,116.0
21.0499999381,116.0
22.4249999381,116.0
14.8749999338,121.0
15.8249999338,121.0
18.7499999338,121.0
17.7749999294,126.0
20.4499999294,126.0
13.3499999251,131.0
14.2249999251,131.0
15.4749999251,131.0
13.4999999207,136.0
14.4999999207,136.0
13.6749999164,141.0
14.6749999164,141.0
13.7499999318,146.0
14.7749999318,146.0
13.8749999492,151.0
14.8999999493,151.0
14.0249999667,156.0
15.0999999668,156.0
14.0749999842,161.0
15.1499999842,161.0
14.2000000016,166.0
15.2750000017,166.0
14.3000000191,171.0
15.4250000192,171.0
14.4500000366,176.0
15.6000000367,176.0
14.5500000541,181.0
15.7000000541,181.0
14.7500000715,186.0
15.9750000716,186.0
14.825000089,191.0
16.0750000891,191.0
14.9250001065,196.0
16.2000001065,196.0
15.0750001239,201.0
16.375000124,201.0
15.2000001414,206.0
16.5250001415,206.0
15.2750001589,211.0
16.6250001589,211.0
15.4000001763,216.0
16.8000001764,216.0
15.5000001938,221.0
16.9750001939,221.0
15.6750002113,226.0
17.1500002114,226.0
15.7500002287,231.0
17.3000002288,231.0
15.9250002462,236.0
17.5000002463,236.0
16.0250002637,241.0
17.6250002638,241.0
16.1000002812,246.0
17.7500002812,246.0
16.2000002986,251.0
17.9000002987,251.0
16.3750003161,256.0
18.1000003162,256.0
16.4500003336,261.0
18.2250003337,261.0
16.575000351,266.0
18.3500003511,266.0
16.6500003685,271.0
18.4750003686,271.0
16.875000386,276.0
18.8000003861,276.0
16.8750004034,281.0
18.7750004035,281.0
16.9500004209,286.0
19.075000421,286.0
17.1250004384,291.0
19.2000004385,291.0
17.2500004558,296.0
19.375000456,296.0
17.3000004733,301.0
19.4750004734,301.0
17.5000004908,306.0
19.7750004909,306.0
17.6250005082,311.0
19.9250005084,311.0
17.6750005257,316.0
19.9750005258,316.0
17.8000005432,321.0
20.1500005433,321.0
17.9000005607,326.0
20.2750005608,326.0
13.6500000001,6.25
13.4749999999,11.25
14.4749999999,11.25
16.8999999999,11.25
13.6000000003,16.25
14.8500000003,16.25
13.5250000014,21.25
14.5500000014,21.25
15.5250000014,21.25
16.4500000014,21.25
17.8750000014,21.25
14.9000000025,26.25
16.5000000025,26.25
17.6000000025,26.25
15.1000000036,31.25
15.9250000036,31.25
16.6250000036,31.25
17.4500000036,31.25
18.6250000036,31.25
15.0250000047,36.25
15.8750000047,36.25
16.5750000047,36.25
17.3000000047,36.25
17.9750000047,36.25
18.8000000047,36.25
20.0250000047,36.25
15.8250000036,41.25
16.6750000036,41.25
17.7750000036,41.25
18.6000000036,41.25
19.3750000036,41.25
20.1500000036,41.25
21.1500000036,41.25
16.2249999993,46.25
17.1749999993,46.25
18.4749999992,46.25
19.3749999992,46.25
20.1499999992,46.25
21.2249999992,46.25
16.5999999949,51.25
18.4749999949,51.25
19.4249999949,51.25
20.2749999948,51.25
21.4249999948,51.25
22.3249999948,51.25
15.7499999905,56.25
17.9999999905,56.25
19.6749999905,56.25
20.5249999905,56.25
21.3249999905,56.25
22.0749999905,56.25
14.6999999862,61.25
15.7999999862,61.25
18.6499999861,61.25
19.5999999861,61.25
20.4749999861,61.25
21.3749999861,61.25
22.5249999861,61.25
23.4999999861,61.25
19.3999999818,66.25
20.3999999818,66.25
21.2749999817,66.25
22.4499999817,66.25
23.4749999817,66.25
24.7499999817,66.25
16.7749999774,71.25
21.1249999774,71.25
22.0499999774,71.25
23.7749999773,71.25
15.8999999731,76.25
18.324999973,76.25
21.274999973,76.25
22.324999973,76.25
23.399999973,76.25
24.574999973,76.25
26.0249999729,76.25
14.6999999687,81.25
17.2499999687,81.25
18.5249999687,81.25
22.7749999686,81.25
18.5249999643,86.25
19.5499999643,86.25
20.4999999643,86.25
22.6499999643,86.25
24.1249999642,86.25
14.37499996,91.25
15.49999996,91.25
17.64999996,91.25
18.6999999599,91.25
21.5249999599,91.25
23.0499999599,91.25
15.8999999513,101.25
22.8499999512,101.25
17.6499999469,106.25
19.8499999468,106.25
20.9249999468,106.25
16.6749999425,111.25
17.7499999425,111.25
19.8999999425,111.25
21.1999999424,111.25
14.8999999382,116.25
19.5749999381,116.25
22.4249999381,116.25
13.9999999338,121.25
15.9499999338,121.25
17.0499999338,121.25
19.5499999337,121.25
20.5999999337,121.25
14.4749999294,126.25
15.6999999294,126.25
18.1999999294,126.25
21.3749999293,126.25
22.6999999293,126.25
13.6499999251,131.25
13.5999999207,136.25
14.6249999207,136.25
13.6499999164,141.25
14.6749999164,141.25
13.7499999318,146.25
14.7749999318,146.25
13.8749999492,151.25
14.8999999493,151.25
13.9499999667,156.25
14.9999999668,156.25
14.0999999842,161.25
15.1749999842,161.25
14.2000000016,166.25
15.3000000017,166.25
14.3500000191,171.25
15.4500000192,171.25
14.4750000366,176.25
15.6250000367,176.25
14.5500000541,181.25
15.7250000541,181.25
14.6750000715,186.25
15.8750000716,186.25
14.875000089,191.25
16.1250000891,191.25
14.9250001065,196.25
16.1750001065,196.25
15.0750001239,201.25
16.375000124,201.25
15.1250001414,206.25
16.4500001415,206.25
15.2750001589,211.25
16.6250001589,211.25
15.3750001763,216.25
16.7750001764,216.25
15.5250001938,221.25
16.9750001939,221.25
15.7000002113,226.25
17.2000002114,226.25
15.7000002287,231.25
17.2500002288,231.25
15.9250002462,236.25
17.5250002463,236.25
15.9500002637,241.25
17.5500002638,241.25
16.1250002812,246.25
17.7750002812,246.25
16.2000002986,251.25
17.8750002987,251.25
16.3500003161,256.25
18.1000003162,256.25
16.4750003336,261.25
18.2750003337,261.25
16.550000351,266.25
18.3500003511,266.25
16.6250003685,271.25
18.5000003686,271.25
16.775000386,276.25
18.6750003861,276.25
16.8500004034,281.25
18.8250004035,281.25
17.0000004209,286.25
19.000000421,286.25
17.1000004384,291.25
19.2000004385,291.25
17.2250004558,296.25
19.400000456,296.25
17.3750004733,301.25
19.5250004734,301.25
17.4500004908,306.25
19.7000004909,306.25
17.6250005082,311.25
19.9250005084,311.25
17.7000005257,316.25
20.0750005259,316.25
17.7750005432,321.25
20.2250005433,321.25
17.8750005606,326.25
20.4000005608,326.25
13.6250000001,6.5
13.5000000003,16.5
14.5250000003,16.5
13.6250000014,21.5
14.9000000014,21.5
15.7250000014,21.5
16.8000000014,21.5
13.7250000025,26.5
14.5500000025,26.5
15.5000000025,26.5
16.4750000025,26.5
17.3750000025,26.5
18.9250000025,26.5
16.5000000036,31.5
17.4250000036,31.5
18.3000000036,31.5
19.5750000036,31.5
15.6250000047,36.5
17.4250000047,36.5
18.5000000047,36.5
16.1000000036,41.5
16.9750000036,41.5
18.3750000036,41.5
19.3250000036,41.5
14.6999999993,46.5
16.6999999993,46.5
17.5749999993,46.5
18.5999999992,46.5
19.5499999992,46.5
20.5499999992,46.5
14.4499999949,51.5
16.7749999949,51.5
18.5249999949,51.5
19.4249999949,51.5
20.2499999948,51.5
20.9749999948,51.5
21.8249999948,51.5
14.8749999906,56.5
16.4999999905,56.5
19.7999999905,56.5
20.6499999905,56.5
21.7999999905,56.5
22.8999999904,56.5
14.6749999862,61.5
20.5499999861,61.5
21.4999999861,61.5
23.0499999861,61.5
14.4249999818,66.5
17.0999999818,66.5
20.1249999818,66.5
21.0999999817,66.5
22.6749999817,66.5
23.8999999817,66.5
17.5999999731,76.5
18.624999973,76.5
20.649999973,76.5
23.374999973,76.5
26.1749999729,76.5
18.6999999687,81.5
21.0749999686,81.5
24.9749999686,81.5
18.0499999643,86.5
19.0499999643,86.5
20.0499999643,86.5
21.8749999643,86.5
16.62499996,91.5
17.69999996,91.5
20.6249999599,91.5
21.6999999599,91.5
16.8249999556,96.5
20.4499999556,96.5
14.6249999513,101.5
17.8499999512,101.5
18.0499999469,106.5
20.6999999468,106.5
21.7749999468,106.5
16.2999999425,111.5
17.6249999425,111.5
18.8499999425,111.5
19.8499999425,111.5
21.6999999424,111.5
14.7249999338,121.5
17.3999999338,121.5
18.4749999338,121.5
19.4499999337,121.5
20.3749999337,121.5
21.4249999337,121.5
23.6499999337,121.5
14.8499999294,126.5
16.0749999294,126.5
18.4249999294,126.5
21.4499999293,126.5
23.0999999293,126.5
13.3499999251,131.5
14.2249999251,131.5
15.4749999251,131.5
13.5749999207,136.5
14.5749999207,136.5
13.6499999164,141.5
14.6749999164,141.5
13.7749999318,146.5
14.7999999318,146.5
13.8499999492,151.5
14.8499999493,151.5
13.9749999667,156.5
15.0499999668,156.5
14.0999999842,161.5
15.1749999842,161.5
14.1750000016,166.5
15.2750000017,166.5
14.3250000191,171.5
15.4500000192,171.5
14.4750000366,176.5
15.6250000367,176.5
14.5500000541,181.5
15.7250000541,181.5
14.6500000715,186.5
15.8750000716,186.5
14.775000089,191.5
16.0000000891,191.5
14.8750001065,196.5
16.1500001065,196.5
15.0250001239,201.5
16.300000124,201.5
15.2000001414,206.5
16.5250001415,206.5
15.2750001589,211.5
16.6250001589,211.5
15.4250001763,216.5
16.8250001764,216.5
15.5250001938,221.5
16.9500001939,221.5
15.6500002113,226.5
17.1000002114,226.5
15.7500002287,231.5
17.2750002288,231.5
15.8750002462,236.5
17.4000002463,236.5
16.0000002637,241.5
17.6000002638,241.5
16.1000002812,246.5
17.7500002812,246.5
16.2000002986,251.5
17.9250002987,251.5
16.3750003161,256.5
18.1500003162,256.5
16.4500003336,261.5
18.2500003337,261.5
16.550000351,266.5
18.3500003511,266.5
16.6750003685,271.5
18.5750003686,271.5
16.750000386,276.5
18.6250003861,276.5
16.9000004034,281.5
18.8750004035,281.5
17.0250004209,286.5
19.025000421,286.5
17.0750004384,291.5
19.1500004385,291.5
17.2250004558,296.5
19.350000456,296.5
17.3500004733,301.5
19.5500004734,301.5
17.4000004908,306.5
19.5750004909,306.5
17.5500005082,311.5
19.8250005084,311.5
17.6500005257,316.5
20.1500005259,316.5
17.7750005432,321.5
20.2500005433,321.5
17.8750005606,326.5
20.3750005608,326.5
13.6500000001,6.75
13.4749999999,11.75
14.4749999999,11.75
13.4750000003,16.75
14.3500000003,16.75
15.1000000003,16.75
16.0750000003,16.75
18.5000000003,16.75
13.6250000014,21.75
14.9750000014,21.75
15.8000000014,21.75
16.9250000014,21.75
14.9750000025,26.75
15.8000000025,26.75
16.5250000025,26.75
17.3000000025,26.75
18.4000000025,26.75
13.9250000036,31.75
15.6000000036,31.75
16.8500000036,31.75
17.7000000036,31.75
18.7500000036,31.75
15.6500000047,36.75
17.4250000047,36.75
18.3750000047,36.75
19.1750000047,36.75
20.2500000047,36.75
16.7750000036,41.75
17.6000000036,41.75
18.5250000036,41.75
19.5000000036,41.75
20.4000000036,41.75
21.8750000036,41.75
17.2749999993,46.75
18.7249999992,46.75
20.3749999992,46.75
21.3499999992,46.75
17.6999999949,51.75
18.6249999949,51.75
19.7749999949,51.75
20.6499999948,51.75
21.7999999948,51.75
16.0999999905,56.75
18.3249999905,56.75
19.3249999905,56.75
20.1749999905,56.75
21.3749999905,56.75
22.3249999905,56.75
17.0499999862,61.75
18.9999999861,61.75
20.6499999861,61.75
22.2749999861,61.75
23.4499999861,61.75
16.5499999818,66.75
20.8999999817,66.75
23.0499999817,66.75
21.0749999774,71.75
23.3999999773,71.75
26.0499999773,71.75
21.849999973,76.75
26.8999999729,76.75
19.6749999687,81.75
25.1749999686,81.75
16.6749999643,86.75
21.9249999643,86.75
14.72499996,91.75
17.67499996,91.75
18.7499999599,91.75
20.9749999599,91.75
17.0499999556,96.75
18.0749999556,96.75
19.8499999556,96.75
20.9499999555,96.75
18.2249999512,101.75
21.4999999512,101.75
14.0249999469,106.75
15.1249999469,106.75
15.9749999469,106.75
17.8749999469,106.75
22.2999999468,106.75
14.5249999425,111.75
17.0999999425,111.75
18.4499999425,111.75
22.1249999424,111.75
14.5999999338,121.75
17.3999999338,121.75
19.9749999337,121.75
20.9499999337,121.75
24.0749999337,121.75
20.9249999294,126.75
13.3999999251,131.75
14.2749999251,131.75
15.4999999251,131.75
13.5499999207,136.75
14.5249999207,136.75
13.6499999164,141.75
14.6499999164,141.75
13.7249999318,146.75
14.7499999318,146.75
13.8749999492,151.75
14.9499999493,151.75
14.0249999667,156.75
15.0999999668,156.75
14.0999999842,161.75
15.1999999842,161.75
14.2000000016,166.75
15.3000000017,166.75
14.2500000191,171.75
15.3750000192,171.75
14.4750000366,176.75
15.6250000367,176.75
14.6250000541,181.75
15.8250000541,181.75
14.6000000715,186.75
15.8000000716,186.75
14.800000089,191.75
16.0250000891,191.75
14.8500001065,196.75
16.1000001065,196.75
15.1000001239,201.75
16.400000124,201.75
15.2000001414,206.75
16.5750001415,206.75
15.2500001589,211.75
16.6000001589,211.75
15.4500001763,216.75
16.8750001764,216.75
15.5750001938,221.75
17.0250001939,221.75
15.6500002113,226.75
17.1250002114,226.75
15.7250002287,231.75
17.2250002288,231.75
15.9250002462,236.75
17.5000002463,236.75
16.0500002637,241.75
17.7000002638,241.75
16.0500002811,246.75
17.7000002812,246.75
16.1500002986,251.75
17.8500002987,251.75
16.3750003161,256.75
18.1000003162,256.75
16.5000003336,261.75
18.3250003337,261.75
16.600000351,266.75
18.4000003511,266.75
16.6750003685,271.75
18.5750003686,271.75
16.775000386,276.75
18.6500003861,276.75
16.9250004034,281.75
18.9250004035,281.75
17.0750004209,286.75
19.125000421,286.75
17.1250004384,291.75
19.2500004385,291.75
17.3000004558,296.75
19.400000456,296.75
17.3750004733,301.75
19.5750004734,301.75
17.4250004908,306.75
19.7250004909,306.75
17.5500005082,311.75
19.8250005084,311.75
17.6750005257,316.75
20.2750005259,316.75
17.8250005432,321.75
20.1500005433,321.75
17.9250005607,326.75
20.3750005608,326.75
13.6750000001,7.0
13.5750000003,17.0
14.8000000003,17.0
14.7250000014,22.0
15.5250000014,22.0
16.4000000014,22.0
17.7000000014,22.0
15.0000000025,27.0
16.5250000025,27.0
17.6750000025,27.0
13.8000000036,32.0
14.6250000036,32.0
15.6500000036,32.0
16.5500000036,32.0
17.5250000036,32.0
20.3250000036,32.0
15.0750000047,37.0
15.9250000047,37.0
16.6250000047,37.0
17.4250000047,37.0
18.4000000047,37.0
19.2000000047,37.0
20.3000000047,37.0
15.6750000036,42.0
17.5250000036,42.0
18.4250000036,42.0
19.2750000036,42.0
19.9750000036,42.0
20.8750000036,42.0
15.7499999993,47.0
17.5499999993,47.0
18.4749999992,47.0
19.3499999992,47.0
20.3999999992,47.0
21.2749999992,47.0
18.0999999949,52.0
19.6749999949,52.0
20.5249999948,52.0
21.4249999948,52.0
18.7999999905,57.0
20.5249999905,57.0
21.4499999905,57.0
22.3249999905,57.0
14.3499999862,62.0
17.0999999862,62.0
19.2749999861,62.0
20.6999999861,62.0
21.5749999861,62.0
22.8999999861,62.0
23.8749999861,62.0
21.1249999817,67.0
22.0999999817,67.0
23.8749999817,67.0
14.6999999775,72.0
17.8249999774,72.0
19.3499999774,72.0
20.8249999774,72.0
21.8499999774,72.0
22.8499999773,72.0
25.9999999773,72.0
17.7499999731,77.0
20.599999973,77.0
21.524999973,77.0
22.474999973,77.0
25.099999973,77.0
27.0249999729,77.0
18.0249999687,82.0
20.4499999687,82.0
23.8499999686,82.0
17.8249999643,87.0
17.92499996,92.0
20.4749999599,92.0
16.6749999556,97.0
19.4999999556,97.0
22.3499999555,97.0
17.6249999512,102.0
18.6499999512,102.0
20.9249999512,102.0
22.0749999512,102.0
16.2999999469,107.0
20.6999999468,107.0
14.6999999425,112.0
15.6749999425,112.0
16.5999999425,112.0
17.5749999425,112.0
19.7999999425,112.0
14.3249999382,117.0
15.5499999382,117.0
17.8749999381,117.0
20.4749999381,117.0
21.5749999381,117.0
19.6749999294,127.0
20.8749999294,127.0
13.5249999207,137.0
14.5249999207,137.0
13.6249999164,142.0
14.6249999164,142.0
13.7499999318,147.0
14.7499999318,147.0
13.8249999492,152.0
14.8499999493,152.0
13.9999999667,157.0
15.0749999668,157.0
14.0999999842,162.0
15.1499999842,162.0
14.2000000016,167.0
15.3000000017,167.0
14.3250000191,172.0
15.4250000192,172.0
14.4750000366,177.0
15.6500000367,177.0
14.5750000541,182.0
15.7500000541,182.0
14.6500000715,187.0
15.8750000716,187.0
14.825000089,192.0
16.0750000891,192.0
14.9750001065,197.0
16.2500001065,197.0
15.0500001239,202.0
16.350000124,202.0
15.1500001414,207.0
16.4750001415,207.0
15.3000001589,212.0
16.6750001589,212.0
15.4500001763,217.0
16.8750001764,217.0
15.5000001938,222.0
16.9250001939,222.0
15.6000002113,227.0
17.0750002114,227.0
15.7500002287,232.0
17.2250002288,232.0
15.9000002462,237.0
17.4750002463,237.0
16.0500002637,242.0
17.6750002638,242.0
16.0750002812,247.0
17.7250002812,247.0
16.2250002986,252.0
17.9500002987,252.0
16.3500003161,257.0
18.0750003162,257.0
16.5000003336,262.0
18.3000003337,262.0
16.550000351,267.0
18.3250003511,267.0
16.6750003685,272.0
18.5750003686,272.0
16.825000386,277.0
18.7500003861,277.0
16.9250004034,282.0
18.9500004036,282.0
16.9250004209,287.0
18.950000421,287.0
17.1500004384,292.0
19.2500004385,292.0
17.3000004558,297.0
19.450000456,297.0
17.3500004733,302.0
19.5500004734,302.0
17.4500004908,307.0
19.7250004909,307.0
17.5500005082,312.0
19.8500005084,312.0
17.6500005257,317.0
19.9750005258,317.0
17.7500005432,322.0
20.2250005433,322.0
17.9250005607,327.0
20.4000005608,327.0
13.6500000001,7.25
13.5250000003,17.25
14.5500000003,17.25
14.6250000014,22.25
15.8000000014,22.25
14.7500000025,27.25
16.3750000025,27.25
17.3000000025,27.25
18.9750000025,27.25
15.4000000036,32.25
16.4500000036,32.25
17.4750000036,32.25
18.5000000036,32.25
14.5750000047,37.25
15.5000000047,37.25
16.5250000047,37.25
17.5250000047,37.25
18.4000000047,37.25
19.1750000047,37.25
20.2500000047,37.25
15.5500000036,42.25
17.2000000036,42.25
18.1500000036,42.25
19.4250000036,42.25
20.4000000036,42.25
16.2999999993,47.25
17.3249999993,47.25
18.5249999992,47.25
19.3749999992,47.25
20.1749999992,47.25
20.8499999992,47.25
21.6499999992,47.25
14.4749999949,52.25
15.6999999949,52.25
17.6499999949,52.25
18.5499999949,52.25
19.5749999949,52.25
20.5249999948,52.25
21.5499999948,52.25
14.6249999906,57.25
16.9249999905,57.25
18.6499999905,57.25
20.3499999905,57.25
21.2999999905,57.25
22.0749999905,57.25
22.8499999904,57.25
18.0749999861,62.25
19.0749999861,62.25
19.8749999861,62.25
21.0749999861,62.25
21.9249999861,62.25
15.9499999818,67.25
17.1249999818,67.25
19.1999999818,67.25
20.8249999817,67.25
22.6749999817,67.25
23.6249999817,67.25
24.5749999817,67.25
20.7749999774,72.25
23.1249999773,72.25
24.2249999773,72.25
25.3749999773,72.25
19.549999973,77.25
21.974999973,77.25
25.5999999729,77.25
16.4249999687,82.25
20.5999999687,82.25
23.5249999686,82.25
26.3749999686,82.25
14.4749999644,87.25
15.6999999644,87.25
18.1249999643,87.25
19.1499999643,87.25
20.8249999643,87.25
15.74999996,92.25
17.92499996,92.25
18.9999999599,92.25
19.8499999599,92.25
21.5999999599,92.25
23.2249999599,92.25
18.6499999556,97.25
19.8249999556,97.25
20.7499999556,97.25
16.1499999513,102.25
18.7999999512,102.25
21.3249999512,102.25
20.5499999468,107.25
21.6249999468,107.25
14.7499999382,117.25
16.0499999338,122.25
15.8749999294,127.25
18.0499999294,127.25
19.2999999294,127.25
20.2999999294,127.25
22.2749999293,127.25
23.8999999293,127.25
13.3999999251,132.25
14.2749999251,132.25
15.4999999251,132.25
13.5499999207,137.25
14.5499999207,137.25
13.6499999164,142.25
14.6499999164,142.25
13.7999999318,147.25
14.8249999318,147.25
13.8499999492,152.25
14.8749999493,152.25
13.9749999667,157.25
15.0249999668,157.25
14.0999999842,162.25
15.1749999842,162.25
14.2000000016,167.25
15.3000000017,167.25
14.3000000191,172.25
15.4250000192,172.25
14.4500000366,177.25
15.6250000367,177.25
14.5250000541,182.25
15.7000000541,182.25
14.7250000715,187.25
15.9250000716,187.25
14.825000089,192.25
16.0750000891,192.25
14.9250001065,197.25
16.2000001065,197.25
15.1000001239,202.25
16.450000124,202.25
15.1000001414,207.25
16.4250001415,207.25
15.3000001589,212.25
16.6750001589,212.25
15.4000001763,217.25
16.8000001764,217.25
15.5500001938,222.25
17.0250001939,222.25
15.6750002113,227.25
17.1250002114,227.25
15.8000002287,232.25
17.3250002288,232.25
15.9500002462,237.25
17.5250002463,237.25
16.0000002637,242.25
17.6000002638,242.25
16.0500002811,247.25
17.6750002812,247.25
16.2250002986,252.25
17.9500002987,252.25
16.3500003161,257.25
18.0500003162,257.25
16.4500003336,262.25
18.2250003337,262.25
16.575000351,267.25
18.4000003511,267.25
16.6750003685,272.25
18.5500003686,272.25
16.800000386,277.25
18.7250003861,277.25
16.9500004034,282.25
18.9500004036,282.25
17.0250004209,287.25
19.025000421,287.25
17.1500004384,292.25
19.2500004385,292.25
17.1750004558,297.25
19.325000456,297.25
17.3500004733,302.25
19.5000004734,302.25
17.4750004908,307.25
19.7750004909,307.25
17.6000005082,312.25
19.9250005084,312.25
17.6750005257,317.25
20.0000005258,317.25
17.7250005432,322.25
20.0250005433,322.25
17.8750005606,327.25
20.5000005608,327.25
13.6250000001,7.5
13.4749999999,12.5
14.4499999999,12.5
14.5750000003,17.5
15.7000000003,17.5
13.4750000014,22.5
14.3500000014,22.5
15.1000000014,22.5
15.7500000014,22.5
16.5000000014,22.5
17.4500000014,22.5
19.6000000014,22.5
13.6750000025,27.5
15.2000000025,27.5
16.1000000025,27.5
16.8000000025,27.5
17.6500000025,27.5
19.0000000025,27.5
13.9000000036,32.5
15.5500000036,32.5
16.8250000036,32.5
17.6500000036,32.5
18.7000000036,32.5
15.9500000047,37.5
17.6000000047,37.5
18.9750000047,37.5
14.6250000037,42.5
15.5250000036,42.5
16.4000000036,42.5
17.2250000036,42.5
18.3750000036,42.5
19.2500000036,42.5
20.6750000036,42.5
15.5499999993,47.5
16.9999999993,47.5
17.8999999992,47.5
18.6249999992,47.5
19.3499999992,47.5
20.0499999992,47.5
20.6749999992,47.5
21.3749999992,47.5
22.2749999992,47.5
16.2249999949,52.5
17.8249999949,52.5
18.6499999949,52.5
19.7249999949,52.5
20.5999999948,52.5
21.5999999948,52.5
14.5249999906,57.5
17.0999999905,57.5
18.7499999905,57.5
19.5999999905,57.5
20.6249999905,57.5
21.5749999905,57.5
18.5749999861,62.5
19.4999999861,62.5
20.5249999861,62.5
21.5499999861,62.5
23.5749999861,62.5
14.3999999818,67.5
16.9249999818,67.5
19.3749999818,67.5
20.3749999818,67.5
21.2749999817,67.5
22.4749999817,67.5
23.4499999817,67.5
17.9749999774,72.5
20.3499999774,72.5
21.3749999774,72.5
22.2749999774,72.5
21.699999973,77.5
24.899999973,77.5
18.6499999687,82.5
19.6499999687,82.5
21.7999999686,82.5
22.9499999686,82.5
25.8999999686,82.5
14.5249999644,87.5
15.5999999644,87.5
17.7999999643,87.5
18.8999999643,87.5
20.8499999643,87.5
21.7749999643,87.5
23.1749999642,87.5
17.97499996,92.5
21.8499999599,92.5
17.2749999556,97.5
18.5249999556,97.5
20.9999999555,97.5
22.3499999555,97.5
15.5999999513,102.5
16.6749999512,102.5
17.5749999512,102.5
18.4999999512,102.5
19.7999999512,102.5
21.0999999512,102.5
18.8499999468,107.5
20.2249999468,107.5
21.2999999468,107.5
16.0749999425,112.5
18.6749999425,112.5
20.8499999425,112.5
21.9499999424,112.5
15.7499999382,117.5
18.1499999381,117.5
19.4499999381,117.5
21.6499999381,117.5
18.4749999338,122.5
19.6999999337,122.5
22.3999999337,122.5
17.6749999294,127.5
18.8499999294,127.5
13.4749999251,132.5
14.4499999251,132.5
17.074999925,132.5
13.5749999207,137.5
14.5749999207,137.5
13.6499999164,142.5
14.6749999164,142.5
13.7249999318,147.5
14.7499999318,147.5
13.8999999492,152.5
14.9499999493,152.5
13.9749999667,157.5
15.0499999668,157.5
14.0999999842,162.5
15.1749999842,162.5
14.2250000016,167.5
15.3250000017,167.5
14.3250000191,172.5
15.4500000192,172.5
14.4750000366,177.5
15.6250000367,177.5
14.5750000541,182.5
15.7500000541,182.5
14.7000000715,187.5
15.9250000716,187.5
14.800000089,192.5
16.0500000891,192.5
14.9250001065,197.5
16.2000001065,197.5
15.0750001239,202.5
16.400000124,202.5
15.1250001414,207.5
16.4500001415,207.5
15.3500001589,212.5
16.750000159,212.5
15.3750001763,217.5
16.8000001764,217.5
15.5000001938,222.5
16.9250001939,222.5
15.7000002113,227.5
17.2000002114,227.5
15.7750002287,232.5
17.2750002288,232.5
15.8250002462,237.5
17.3750002463,237.5
15.9500002637,242.5
17.5250002638,242.5
16.1000002812,247.5
17.7500002812,247.5
16.2750002986,252.5
18.0000002987,252.5
16.4000003161,257.5
18.1250003162,257.5
16.4500003336,262.5
18.2500003337,262.5
16.600000351,267.5
18.4000003511,267.5
16.6750003685,272.5
18.5250003686,272.5
16.850000386,277.5
18.7500003861,277.5
16.8750004034,282.5
18.8750004035,282.5
17.0000004209,287.5
19.025000421,287.5
17.1000004384,292.5
19.1250004385,292.5
17.2750004558,297.5
19.425000456,297.5
17.3000004733,302.5
19.5000004734,302.5
17.4750004908,307.5
19.7500004909,307.5
17.5750005082,312.5
19.9000005084,312.5
17.6750005257,317.5
20.0750005259,317.5
17.7500005432,322.5
20.3250005433,322.5
17.8750005606,327.5
20.3750005608,327.5
13.6000000001,7.75
13.3749999999,12.75
14.2499999999,12.75
15.4999999999,12.75
14.7250000003,17.75
16.3750000003,17.75
14.7000000014,22.75
15.5250000014,22.75
16.3750000014,22.75
17.6000000014,22.75
14.7250000025,27.75
16.3250000025,27.75
17.2500000025,27.75
18.7750000025,27.75
14.9250000036,32.75
15.7250000036,32.75
16.4500000036,32.75
17.2000000036,32.75
17.8750000036,32.75
18.6500000036,32.75
19.7250000036,32.75
16.6250000047,37.75
18.1750000047,37.75
19.0750000047,37.75
20.4750000047,37.75
15.4250000037,42.75
16.5500000036,42.75
17.5500000036,42.75
18.4000000036,42.75
19.2000000036,42.75
20.2250000036,42.75
16.3499999993,47.75
17.3249999993,47.75
18.1999999992,47.75
18.9249999992,47.75
19.8249999992,47.75
20.5749999992,47.75
21.4749999992,47.75
16.9999999949,52.75
18.7499999949,52.75
20.5999999948,52.75
21.9749999948,52.75
18.4499999905,57.75
19.6499999905,57.75
20.6249999905,57.75
21.4499999905,57.75
22.2749999905,57.75
23.1249999904,57.75
16.0499999862,62.75
18.4499999861,62.75
19.7499999861,62.75
20.6749999861,62.75
22.0749999861,62.75
23.3249999861,62.75
24.2999999861,62.75
14.8999999818,67.75
16.4749999818,67.75
19.9249999818,67.75
21.6249999817,67.75
25.6999999817,67.75
20.9249999774,72.75
23.8249999773,72.75
23.074999973,77.75
14.5749999687,82.75
17.3249999687,82.75
20.0749999687,82.75
22.6249999686,82.75
18.6249999643,87.75
21.1249999643,87.75
15.79999996,92.75
16.97499996,92.75
19.1999999599,92.75
21.9999999599,92.75
29.7749999598,92.75
15.9999999556,97.75
14.3999999513,102.75
16.8749999512,102.75
18.1499999512,102.75
20.1999999512,102.75
21.2749999512,102.75
22.5249999512,102.75
15.9749999469,107.75
18.3999999469,107.75
19.4499999468,107.75
20.9249999468,107.75
22.3499999468,107.75
16.1749999425,112.75
18.0749999425,112.75
19.5499999425,112.75
22.2499999424,112.75
17.0749999381,117.75
19.7999999381,117.75
20.9249999381,117.75
22.0749999381,117.75
13.9999999338,122.75
15.0999999338,122.75
16.9249999338,122.75
18.0499999338,122.75
18.8999999338,122.75
20.6249999337,122.75
21.6249999337,122.75
19.4499999294,127.75
13.5249999207,137.75
14.5249999207,137.75
17.9499999207,137.75
13.6499999164,142.75
14.6749999164,142.75
13.7749999318,147.75
14.7999999318,147.75
13.8749999492,152.75
14.9249999493,152.75
13.9999999667,157.75
15.0749999668,157.75
14.1499999842,162.75
15.2499999842,162.75
14.2000000016,167.75
15.3000000017,167.75
14.3500000191,172.75
15.5000000192,172.75
14.4500000366,177.75
15.6000000367,177.75
14.6000000541,182.75
15.7750000541,182.75
14.6750000715,187.75
15.9000000716,187.75
14.800000089,192.75
16.0250000891,192.75
14.9250001065,197.75
16.1750001065,197.75
15.0250001239,202.75
16.350000124,202.75
15.2250001414,207.75
16.6000001415,207.75
15.2500001589,212.75
16.6250001589,212.75
15.4500001763,217.75
16.8750001764,217.75
15.5250001938,222.75
16.9750001939,222.75
15.6500002113,227.75
17.1250002114,227.75
15.7750002287,232.75
17.3000002288,232.75
15.8500002462,237.75
17.3500002463,237.75
16.0000002637,242.75
17.5750002638,242.75
16.1500002812,247.75
17.7750002812,247.75
16.2250002986,252.75
17.9250002987,252.75
16.3750003161,257.75
18.1250003162,257.75
16.4250003336,262.75
18.1500003337,262.75
16.525000351,267.75
18.3250003511,267.75
16.6750003685,272.75
18.5500003686,272.75
16.825000386,277.75
18.7750003861,277.75
16.9000004034,282.75
18.8500004035,282.75
17.0000004209,287.75
19.000000421,287.75
17.1750004384,292.75
19.2000004385,292.75
17.2500004558,297.75
19.375000456,297.75
17.3750004733,302.75
19.6250004734,302.75
17.4500004908,307.75
19.6000004909,307.75
17.6250005082,312.75
19.9250005084,312.75
17.7000005257,317.75
20.0000005258,317.75
17.7500005432,322.75
20.3250005433,322.75
17.8750005606,327.75
20.3250005608,327.75
13.6500000001,8.0
13.3749999999,13.0
14.2499999999,13.0
15.4999999999,13.0
13.5000000003,18.0
14.4750000003,18.0
14.5250000014,23.0
15.4250000014,23.0
16.2250000014,23.0
17.2500000014,23.0
13.6250000025,28.0
14.9000000025,28.0
15.7250000025,28.0
16.8000000025,28.0
15.0500000036,33.0
16.6250000036,33.0
17.8750000036,33.0
16.6500000047,38.0
17.5250000047,38.0
18.4500000047,38.0
20.1750000047,38.0
14.6750000037,43.0
16.6250000036,43.0
18.3000000036,43.0
19.2500000036,43.0
20.0250000036,43.0
21.0500000036,43.0
16.2249999993,48.0
17.2249999993,48.0
18.0249999992,48.0
18.6999999992,48.0
19.3749999992,48.0
20.0749999992,48.0
20.9249999992,48.0
22.4749999992,48.0
14.4249999949,53.0
16.7249999949,53.0
18.5749999949,53.0
19.4999999949,53.0
20.3749999948,53.0
21.3749999948,53.0
22.2749999948,53.0
15.7499999905,58.0
18.2999999905,58.0
19.6999999905,58.0
20.5499999905,58.0
21.3499999905,58.0
22.1249999905,58.0
14.7499999862,63.0
17.4749999862,63.0
18.5499999861,63.0
19.4499999861,63.0
20.3249999861,63.0
21.0999999861,63.0
22.2249999861,63.0
14.6999999818,68.0
16.9999999818,68.0
18.2249999818,68.0
20.0999999818,68.0
21.2499999817,68.0
22.1249999817,68.0
24.4749999817,68.0
17.2999999774,73.0
18.5999999774,73.0
20.9499999774,73.0
17.4499999731,78.0
19.974999973,78.0
21.174999973,78.0
22.124999973,78.0
23.124999973,78.0
23.974999973,78.0
24.899999973,78.0
19.7749999687,83.0
20.0249999643,88.0
20.7749999599,93.0
15.8249999556,98.0
17.9499999556,98.0
19.0499999556,98.0
22.0249999555,98.0
15.8499999513,103.0
18.1499999512,103.0
20.6749999512,103.0
17.7999999469,108.0
20.0999999468,108.0
21.3499999468,108.0
16.5749999425,113.0
18.8749999425,113.0
20.9999999425,113.0
22.1499999424,113.0
15.8249999382,118.0
18.0749999381,118.0
20.1249999381,118.0
22.0999999381,118.0
18.3749999338,123.0
21.7249999293,128.0
13.3749999251,133.0
14.2499999251,133.0
15.4999999251,133.0
13.5999999207,138.0
14.5999999207,138.0
13.5999999164,143.0
14.5999999164,143.0
13.7999999318,148.0
14.8249999318,148.0
13.8499999492,153.0
14.8749999493,153.0
13.9749999667,158.0
15.0499999668,158.0
14.0999999842,163.0
15.1749999842,163.0
14.1500000016,168.0
15.2500000017,168.0
14.3250000191,173.0
15.4750000192,173.0
14.4000000366,178.0
15.5250000366,178.0
14.500000054,183.0
15.6500000541,183.0
14.6750000715,188.0
15.8500000716,188.0
14.800000089,193.0
16.0250000891,193.0
14.9250001065,198.0
16.2000001065,198.0
15.1250001239,203.0
16.450000124,203.0
15.2250001414,208.0
16.5750001415,208.0
15.2500001589,213.0
16.6250001589,213.0
15.4500001763,218.0
16.8500001764,218.0
15.4750001938,223.0
16.9000001939,223.0
15.6500002113,228.0
17.1250002114,228.0
15.7500002287,233.0
17.2750002288,233.0
15.8750002462,238.0
17.4750002463,238.0
16.0000002637,243.0
17.6000002638,243.0
16.1250002812,248.0
17.7500002812,248.0
16.2250002986,253.0
17.9500002987,253.0
16.3500003161,258.0
18.0750003162,258.0
16.4500003336,263.0
18.2500003337,263.0
16.500000351,268.0
18.3000003511,268.0
16.6250003685,273.0
18.4250003686,273.0
16.775000386,278.0
18.6750003861,278.0
16.9000004034,283.0
18.9000004035,283.0
17.0000004209,288.0
19.050000421,288.0
17.1250004384,293.0
19.1750004385,293.0
17.2500004558,298.0
19.425000456,298.0
17.3250004733,303.0
19.4750004734,303.0
17.4250004908,308.0
19.7500004909,308.0
17.5500005082,313.0
19.8000005084,313.0
17.6750005257,318.0
20.0000005258,318.0
17.7750005432,323.0
20.3000005433,323.0
17.8250005606,328.0
20.3750005608,328.0
13.6250000001,8.25
14.5500000003,18.25
15.7250000003,18.25
13.6750000014,23.25
15.0500000014,23.25
15.8750000014,23.25
17.0750000014,23.25
15.0750000025,28.25
16.5750000025,28.25
17.7250000025,28.25
14.9750000036,33.25
15.7750000036,33.25
16.8250000036,33.25
17.6250000036,33.25
18.5500000036,33.25
20.3500000036,33.25
16.6500000047,38.25
17.5000000047,38.25
18.4000000047,38.25
19.9500000047,38.25
15.4250000037,43.25
16.5000000036,43.25
17.5250000036,43.25
18.3750000036,43.25
19.1500000036,43.25
20.1750000036,43.25
16.6499999993,48.25
17.7999999993,48.25
18.6249999992,48.25
19.5749999992,48.25
20.4999999992,48.25
21.4249999992,48.25
16.3499999949,53.25
17.8999999949,53.25
19.5499999949,53.25
20.4249999948,53.25
21.2499999948,53.25
21.9749999948,53.25
23.6249999948,53.25
14.4749999906,58.25
15.5749999906,58.25
17.6499999905,58.25
18.5749999905,58.25
19.3999999905,58.25
20.2499999905,58.25
21.3249999905,58.25
22.1999999905,58.25
23.0749999904,58.25
14.9749999862,63.25
17.4749999862,63.25
18.4499999861,63.25
19.4249999861,63.25
20.5249999861,63.25
21.3999999861,63.25
22.1999999861,63.25
22.9999999861,63.25
24.3749999861,63.25
14.5999999818,68.25
17.3249999818,68.25
19.4499999818,68.25
20.4249999817,68.25
21.2999999817,68.25
22.0749999817,68.25
23.8999999817,68.25
16.7749999774,73.25
21.4749999774,73.25
22.4999999774,73.25
24.9249999773,73.25
14.4999999731,78.25
16.6749999731,78.25
17.6999999731,78.25
18.749999973,78.25
20.949999973,78.25
21.824999973,78.25
22.724999973,78.25
23.574999973,78.25
17.3499999687,83.25
24.5749999686,83.25
25.8499999686,83.25
23.0749999642,88.25
16.02499996,93.25
18.49999996,93.25
21.2499999599,93.25
19.7249999556,98.25
19.8749999512,103.25
23.8499999511,103.25
15.8499999425,113.25
16.9249999425,113.25
18.9999999425,113.25
20.2749999425,113.25
16.6499999338,123.25
19.4499999337,123.25
14.4499999295,128.25
19.8749999294,128.25
22.7499999293,128.25
13.3249999251,133.25
14.1999999251,133.25
15.4499999251,133.25
13.5499999207,138.25
14.5749999207,138.25
13.6499999164,143.25
14.6749999164,143.25
13.8249999318,148.25
14.8249999318,148.25
13.9249999492,153.25
14.9499999493,153.25
14.0499999667,158.25
15.1249999668,158.25
14.0999999842,163.25
15.1749999842,163.25
14.2750000016,168.25
15.3750000017,168.25
14.3750000191,173.25
15.5250000192,173.25
14.4500000366,178.25
15.6250000367,178.25
14.5750000541,183.25
15.7500000541,183.25
14.6750000715,188.25
15.9000000716,188.25
14.875000089,193.25
16.1500000891,193.25
15.0000001065,198.25
16.3000001065,198.25
15.0000001239,203.25
16.275000124,203.25
15.2250001414,208.25
16.5750001415,208.25
15.2500001589,213.25
16.6250001589,213.25
15.4500001763,218.25
16.8750001764,218.25
15.5000001938,223.25
16.9000001939,223.25
15.6250002113,228.25
17.0500002114,228.25
15.7750002287,233.25
17.2750002288,233.25
15.8250002462,238.25
17.3750002463,238.25
16.0000002637,243.25
17.5750002638,243.25
16.1000002812,248.25
17.7250002812,248.25
16.2750002986,253.25
18.0000002987,253.25
16.3500003161,258.25
18.0750003162,258.25
16.5000003336,263.25
18.3000003337,263.25
16.575000351,268.25
18.4250003511,268.25
16.6750003685,273.25
18.6000003686,273.25
16.750000386,278.25
18.6500003861,278.25
16.9000004034,283.25
18.8750004035,283.25
17.0500004209,288.25
19.050000421,288.25
17.1250004384,293.25
19.2250004385,293.25
17.3000004558,298.25
19.475000456,298.25
17.3500004733,303.25
19.6500004734,303.25
17.4250004908,308.25
19.7000004909,308.25
17.6000005082,313.25
19.8750005084,313.25
17.6750005257,318.25
20.0500005259,318.25
17.7750005432,323.25
20.2250005433,323.25
17.9250005607,328.25
20.4000005608,328.25
13.6000000001,8.5
13.3499999999,13.5
14.2249999999,13.5
15.4749999999,13.5
14.6000000003,18.5
15.7750000003,18.5
13.7500000014,23.5
14.5750000014,23.5
15.5000000014,23.5
18.1750000014,23.5
13.7500000025,28.5
14.6250000025,28.5
15.5750000025,28.5
16.5000000025,28.5
17.4250000025,28.5
19.1000000025,28.5
15.0750000036,33.5
16.6000000036,33.5
17.8000000036,33.5
15.4250000047,38.5
16.5750000047,38.5
17.5750000047,38.5
18.6500000047,38.5
16.8750000036,43.5
18.5250000036,43.5
19.4000000036,43.5
20.2250000036,43.5
21.3750000036,43.5
17.6749999993,48.5
18.5499999992,48.5
19.5249999992,48.5
20.4999999992,48.5
21.4249999992,48.5
17.7499999949,53.5
19.5749999949,53.5
20.7749999948,53.5
21.5999999948,53.5
18.7749999905,58.5
19.6249999905,58.5
20.6499999905,58.5
21.5499999905,58.5
22.3999999905,58.5
23.3999999904,58.5
14.6499999862,63.5
15.6999999862,63.5
17.9749999862,63.5
18.8749999861,63.5
20.4249999861,63.5
21.5249999861,63.5
22.7499999861,63.5
23.8249999861,63.5
14.4999999818,68.5
17.3249999818,68.5
18.4499999818,68.5
19.4499999818,68.5
20.4499999817,68.5
21.5499999817,68.5
14.7249999775,73.5
23.8499999773,73.5
24.8999999773,73.5
15.7499999731,78.5
17.9249999731,78.5
19.049999973,78.5
20.874999973,78.5
19.5249999687,83.5
15.9999999644,88.5
18.1999999643,88.5
19.3999999643,88.5
20.3999999643,88.5
21.4249999643,88.5
13.9999999557,98.5
15.0749999556,98.5
16.1499999556,98.5
17.8499999556,98.5
20.3499999556,98.5
21.6499999555,98.5
14.8749999513,103.5
15.8249999513,103.5
17.8499999512,103.5
23.0499999512,103.5
20.0999999468,108.5
14.4999999425,113.5
17.0499999425,113.5
18.5249999425,113.5
19.5749999425,113.5
23.9749999424,113.5
16.1999999338,123.5
18.9749999338,123.5
21.6999999337,123.5
16.0999999294,128.5
18.7749999294,128.5
19.8749999294,128.5
20.7499999294,128.5
13.4749999251,133.5
14.4499999251,133.5
13.5749999207,138.5
14.5749999207,138.5
13.6999999164,143.5
14.6999999163,143.5
13.7499999318,148.5
14.7749999318,148.5
13.8999999492,153.5
14.9499999493,153.5
13.9749999667,158.5
15.0499999668,158.5
14.0499999842,163.5
15.0999999842,163.5
14.2750000016,168.5
15.3750000017,168.5
14.3500000191,173.5
15.4750000192,173.5
14.4250000366,178.5
15.5750000366,178.5
14.5250000541,183.5
15.7000000541,183.5
14.7000000715,188.5
15.9000000716,188.5
14.800000089,193.5
16.0500000891,193.5
14.9500001065,198.5
16.2250001065,198.5
15.0500001239,203.5
16.375000124,203.5
15.1750001414,208.5
16.5250001415,208.5
15.3000001589,213.5
16.6750001589,213.5
15.4000001763,218.5
16.8000001764,218.5
15.5000001938,223.5
16.9250001939,223.5
15.6000002113,228.5
17.0750002114,228.5
15.7500002287,233.5
17.2750002288,233.5
15.8250002462,238.5
17.3750002463,238.5
16.0250002637,243.5
17.6750002638,243.5
16.0750002812,248.5
17.7000002812,248.5
16.2750002986,253.5
17.9750002987,253.5
16.3500003161,258.5
18.0750003162,258.5
16.4750003336,263.5
18.2750003337,263.5
16.575000351,268.5
18.4250003511,268.5
16.6500003685,273.5
18.4750003686,273.5
16.775000386,278.5
18.7000003861,278.5
16.9000004034,283.5
18.8000004035,283.5
17.0500004209,288.5
19.025000421,288.5
17.1250004384,293.5
19.3000004385,293.5
17.2750004558,298.5
19.375000456,298.5
17.3250004733,303.5
19.4750004734,303.5
17.4750004908,308.5
19.7000004909,308.5
17.5250005082,313.5
19.7750005084,313.5
17.7000005257,318.5
20.2000005259,318.5
17.7750005432,323.5
20.2500005433,323.5
17.9000005607,328.5
20.4250005608,328.5
13.6000000001,8.75
13.4749999999,13.75
14.4499999999,13.75
14.5250000003,18.75
15.6500000003,18.75
13.5250000014,23.75
14.5750000014,23.75
15.4750000014,23.75
16.3750000014,23.75
17.8000000014,23.75
13.6500000025,28.75
15.0250000025,28.75
15.8750000025,28.75
16.6000000025,28.75
17.3750000025,28.75
18.4500000025,28.75
14.8250000036,33.75
16.4000000036,33.75
17.3000000036,33.75
18.0500000036,33.75
18.9750000036,33.75
20.6250000036,33.75
14.5000000047,38.75
15.7500000047,38.75
17.4750000047,38.75
18.5250000047,38.75
16.8500000036,43.75
17.6750000036,43.75
18.4500000036,43.75
19.2500000036,43.75
20.3250000036,43.75
16.3749999993,48.75
17.7999999993,48.75
19.4499999992,48.75
20.5249999992,48.75
13.9749999949,53.75
15.9749999949,53.75
16.8249999949,53.75
17.5999999949,53.75
18.4499999949,53.75
19.3999999949,53.75
20.2249999948,53.75
20.9499999948,53.75
21.7749999948,53.75
14.3749999906,58.75
15.4749999906,58.75
16.4499999905,58.75
17.3999999905,58.75
18.2999999905,58.75
19.4499999905,58.75
20.3499999905,58.75
21.1249999905,58.75
22.1999999905,58.75
23.2499999904,58.75
18.7499999861,63.75
20.5499999861,63.75
22.0249999861,63.75
17.4249999818,68.75
18.5249999818,68.75
19.4999999818,68.75
20.6499999817,68.75
21.6499999817,68.75
25.0749999817,68.75
20.4499999774,73.75
21.6999999774,73.75
22.9749999773,73.75
14.6249999731,78.75
17.3499999731,78.75
20.249999973,78.75
21.474999973,78.75
22.499999973,78.75
26.1999999729,78.75
16.7749999687,83.75
19.4249999687,83.75
20.5999999687,83.75
23.6249999686,83.75
24.7999999686,83.75
25.7499999686,83.75
21.9749999643,88.75
15.82499996,93.75
18.5499999599,93.75
16.9249999556,98.75
19.7499999556,98.75
19.4749999512,103.75
22.0999999512,103.75
20.5749999468,108.75
16.5249999425,113.75
19.7999999425,113.75
17.5749999381,118.75
18.5749999381,118.75
19.5249999381,118.75
20.5249999381,118.75
20.8749999337,123.75
16.5499999294,128.75
19.2749999294,128.75
13.6499999251,133.75
13.5499999207,138.75
14.5249999207,138.75
13.6499999164,143.75
14.6749999164,143.75
13.7749999318,148.75
14.7999999318,148.75
13.8999999492,153.75
14.9749999493,153.75
13.9999999667,158.75
15.0749999668,158.75
14.0999999842,163.75
15.1749999842,163.75
14.2000000016,168.75
15.3000000017,168.75
14.3250000191,173.75
15.4250000192,173.75
14.4000000366,178.75
15.5500000366,178.75
14.5750000541,183.75
15.7500000541,183.75
14.6750000715,188.75
15.8750000716,188.75
14.800000089,193.75
16.0500000891,193.75
14.9500001065,198.75
16.2250001065,198.75
15.0750001239,203.75
16.375000124,203.75
15.1500001414,208.75
16.5000001415,208.75
15.2250001589,213.75
16.6000001589,213.75
15.4000001763,218.75
16.8250001764,218.75
15.5250001938,223.75
16.9750001939,223.75
15.6500002113,228.75
17.1250002114,228.75
15.8250002287,233.75
17.3500002288,233.75
15.8750002462,238.75
17.4250002463,238.75
15.9750002637,243.75
17.5750002638,243.75
16.1750002812,248.75
17.8750002813,248.75
16.3000002986,253.75
18.0000002987,253.75
16.3250003161,258.75
18.0500003162,258.75
16.4250003336,263.75
18.1500003337,263.75
16.575000351,268.75
18.3750003511,268.75
16.6750003685,273.75
18.5250003686,273.75
16.800000386,278.75
18.7500003861,278.75
16.9000004034,283.75
18.8750004035,283.75
17.0250004209,288.75
19.025000421,288.75
17.1750004384,293.75
19.2500004385,293.75
17.2250004558,298.75
19.325000456,298.75
17.3250004733,303.75
19.4750004734,303.75
17.4500004908,308.75
19.7500004909,308.75
17.5750005082,313.75
19.9000005084,313.75
17.6750005257,318.75
20.0250005258,318.75
17.7500005432,323.75
20.1750005433,323.75
17.8750005606,328.75
20.4000005608,328.75
13.6500000001,9.0
13.4999999999,14.0
14.4749999999,14.0
13.5000000003,19.0
14.3750000003,19.0
15.1250000003,19.0
16.1000000003,19.0
18.3750000003,19.0
14.9500000014,24.0
15.7250000014,24.0
16.7250000014,24.0
14.9750000025,29.0
15.8000000025,29.0
16.9000000025,29.0
15.0500000036,34.0
16.5750000036,34.0
17.4250000036,34.0
18.2250000036,34.0
19.3250000036,34.0
15.3250000047,39.0
16.6500000047,39.0
17.5000000047,39.0
18.3250000047,39.0
19.5750000047,39.0
14.7000000037,44.0
16.6500000036,44.0
18.4250000036,44.0
19.5000000036,44.0
16.9249999993,49.0
17.7499999993,49.0
18.8999999992,49.0
19.6999999992,49.0
20.4499999992,49.0
21.1999999992,49.0
22.2249999992,49.0
17.6249999949,54.0
19.4499999949,54.0
20.3499999948,54.0
21.1499999948,54.0
21.8249999948,54.0
22.8999999948,54.0
17.9249999905,59.0
18.7499999905,59.0
19.9499999905,59.0
20.7749999905,59.0
21.8749999905,59.0
22.8999999904,59.0
16.8249999862,64.0
17.8249999862,64.0
18.6499999861,64.0
19.8249999861,64.0
20.6999999861,64.0
21.4749999861,64.0
22.3999999861,64.0
23.9749999861,64.0
14.4499999818,69.0
16.9249999818,69.0
18.2249999818,69.0
20.6999999817,69.0
22.6249999817,69.0
23.6249999817,69.0
24.5749999817,69.0
16.1999999774,74.0
17.2749999774,74.0
18.4249999774,74.0
21.7999999774,74.0
22.9499999773,74.0
18.774999973,79.0
13.9749999687,84.0
15.0749999687,84.0
15.9249999687,84.0
17.8749999687,84.0
19.1999999687,84.0
17.7749999643,89.0
18.8499999643,89.0
19.6999999643,89.0
21.7499999643,89.0
14.64999996,94.0
17.77499996,94.0
20.1749999599,94.0
20.9249999555,99.0
21.8999999555,99.0
15.7249999513,104.0
20.7499999468,109.0
21.7249999468,109.0
22.9999999468,109.0
14.6999999425,114.0
17.3749999425,114.0
18.5249999425,114.0
15.7749999382,119.0
20.5999999381,119.0
19.6499999337,124.0
21.8749999337,124.0
23.8499999337,124.0
18.8749999294,129.0
21.1749999294,129.0
13.3999999251,134.0
14.2749999251,134.0
15.5249999251,134.0
13.5749999207,139.0
14.5499999207,139.0
13.6249999164,144.0
14.6249999164,144.0
13.7749999318,149.0
14.7749999318,149.0
13.8499999492,154.0
14.9249999493,154.0
13.9749999667,159.0
15.0499999668,159.0
14.0999999842,164.0
15.1749999842,164.0
14.1750000016,169.0
15.2750000017,169.0
14.3250000191,174.0
15.4500000192,174.0
14.4500000366,179.0
15.6000000367,179.0
14.5250000541,184.0
15.7000000541,184.0
14.6750000715,189.0
15.8750000716,189.0
14.775000089,194.0
16.0250000891,194.0
14.9250001065,199.0
16.1750001065,199.0
15.0250001239,204.0
16.350000124,204.0
15.1750001414,209.0
16.5000001415,209.0
15.2750001589,214.0
16.6500001589,214.0
15.4750001763,219.0
16.8750001764,219.0
15.6000001938,224.0
17.0500001939,224.0
15.6750002113,229.0
17.1500002114,229.0
15.7250002287,234.0
17.2500002288,234.0
15.8500002462,239.0
17.4000002463,239.0
16.0000002637,244.0
17.5750002638,244.0
16.0750002812,249.0
17.7250002812,249.0
16.2500002986,254.0
17.9250002987,254.0
16.3750003161,259.0
18.1000003162,259.0
16.4000003336,264.0
18.2000003337,264.0
16.600000351,269.0
18.4250003511,269.0
16.7500003685,274.0
18.6750003686,274.0
16.800000386,279.0
18.7750003861,279.0
16.8750004034,284.0
18.8250004035,284.0
17.0000004209,289.0
19.000000421,289.0
17.1000004384,294.0
19.1000004385,294.0
17.2500004558,299.0
19.375000456,299.0
17.3500004733,304.0
19.5000004734,304.0
17.4250004908,309.0
19.6750004909,309.0
17.5750005082,314.0
19.8500005084,314.0
17.7000005257,319.0
20.1500005259,319.0
17.7500005432,324.0
20.3000005433,324.0
17.9000005607,329.0
20.4000005608,329.0
13.6750000001,9.25
13.3749999999,14.25
14.2499999999,14.25
15.4999999999,14.25
13.6000000003,19.25
14.8250000003,19.25
13.7500000014,24.25
14.6000000014,24.25
15.5250000014,24.25
18.2750000014,24.25
13.6000000025,29.25
14.8750000025,29.25
15.7250000025,29.25
16.7750000025,29.25
15.3750000036,34.25
16.3000000036,34.25
17.1250000036,34.25
17.8000000036,34.25
18.6000000036,34.25
19.8000000036,34.25
14.1750000047,39.25
15.1250000047,39.25
16.4250000047,39.25
17.3500000047,39.25
18.1250000047,39.25
19.1500000047,39.25
14.6750000037,44.25
16.5250000036,44.25
17.4500000036,44.25
18.3500000036,44.25
19.4250000036,44.25
20.3250000036,44.25
21.9000000036,44.25
15.6749999993,49.25
17.4999999993,49.25
18.7999999992,49.25
19.6499999992,49.25
20.4749999992,49.25
21.2499999992,49.25
22.4249999992,49.25
15.9499999949,54.25
17.7499999949,54.25
18.5999999949,54.25
19.3999999949,54.25
20.1999999948,54.25
21.2749999948,54.25
22.0749999948,54.25
16.0499999905,59.25
19.6749999905,59.25
20.5749999905,59.25
21.5499999905,59.25
22.6499999904,59.25
16.8249999862,64.25
18.7999999861,64.25
20.5749999861,64.25
22.0499999861,64.25
23.3249999861,64.25
24.3249999861,64.25
16.6749999818,69.25
17.6749999818,69.25
19.7749999818,69.25
21.5749999817,69.25
24.6499999817,69.25
16.0749999774,74.25
19.3999999774,74.25
20.5499999774,74.25
21.4749999774,74.25
22.9249999773,74.25
24.0749999773,74.25
17.2499999731,79.25
19.749999973,79.25
21.799999973,79.25
22.874999973,79.25
14.6249999687,84.25
19.7999999687,84.25
15.8249999644,89.25
18.6749999643,89.25
21.0249999643,89.25
21.7249999555,99.25
20.3749999512,104.25
21.5749999512,104.25
23.0999999512,104.25
17.7499999469,109.25
18.8499999468,109.25
21.0999999468,109.25
14.7499999425,114.25
19.9749999425,114.25
18.0749999381,119.25
20.9749999381,119.25
18.5999999338,124.25
21.5999999337,124.25
14.6249999294,129.25
17.5499999294,129.25
18.6249999294,129.25
20.6999999294,129.25
13.4749999251,134.25
14.4749999251,134.25
17.599999925,134.25
13.5499999207,139.25
14.5499999207,139.25
13.6749999164,144.25
14.6749999164,144.25
13.7749999318,149.25
14.7999999318,149.25
13.8499999492,154.25
14.8749999493,154.25
13.9749999667,159.25
15.0499999668,159.25
14.0999999842,164.25
15.1749999842,164.25
14.2000000016,169.25
15.3000000017,169.25
14.3250000191,174.25
15.4500000192,174.25
14.4500000366,179.25
15.6000000367,179.25
14.5250000541,184.25
15.6750000541,184.25
14.6750000715,189.25
15.8750000716,189.25
14.800000089,194.25
16.0500000891,194.25
14.9250001065,199.25
16.2250001065,199.25
15.0500001239,204.25
16.350000124,204.25
15.1750001414,209.25
16.5000001415,209.25
15.2750001589,214.25
16.6500001589,214.25
15.4000001763,219.25
16.8250001764,219.25
15.5500001938,224.25
17.0250001939,224.25
15.6250002113,229.25
17.1000002114,229.25
15.7250002287,234.25
17.2500002288,234.25
15.8500002462,239.25
17.3750002463,239.25
16.0000002637,244.25
17.5750002638,244.25
16.1500002812,249.25
17.7750002812,249.25
16.2250002986,254.25
17.9500002987,254.25
16.2750003161,259.25
18.0000003162,259.25
16.4250003336,264.25
18.1750003337,264.25
16.600000351,269.25
18.4250003511,269.25
16.7000003685,274.25
18.6250003686,274.25
16.825000386,279.25
18.7250003861,279.25
16.8500004034,284.25
18.8500004035,284.25
17.0000004209,289.25
19.000000421,289.25
17.1750004384,294.25
19.2250004385,294.25
17.2500004558,299.25
19.375000456,299.25
17.3500004733,304.25
19.6250004734,304.25
17.4500004908,309.25
19.7250004909,309.25
17.5750005082,314.25
19.8500005084,314.25
17.6750005257,319.25
20.0500005259,319.25
17.7750005432,324.25
20.3250005433,324.25
17.9500005607,329.25
20.4000005608,329.25
13.6250000001,9.5
13.4749999999,14.5
14.4499999999,14.5
13.5750000003,19.5
14.7750000003,19.5
13.6500000014,24.5
14.9750000014,24.5
15.8000000014,24.5
16.9000000014,24.5
13.7750000025,29.5
15.5000000025,29.5
16.6250000025,29.5
15.0000000036,34.5
15.8250000036,34.5
16.5250000036,34.5
17.2750000036,34.5
17.9750000036,34.5
18.7750000036,34.5
19.9250000036,34.5
14.2500000047,39.5
15.2500000047,39.5
16.0250000047,39.5
17.1500000047,39.5
17.9500000047,39.5
18.6250000047,39.5
19.4250000047,39.5
20.5000000047,39.5
15.6500000036,44.5
17.4500000036,44.5
18.5500000036,44.5
19.5500000036,44.5
20.5250000036,44.5
15.1999999993,49.5
16.9249999993,49.5
18.6749999992,49.5
20.3749999992,49.5
21.3749999992,49.5
17.4249999949,54.5
18.6249999949,54.5
19.6249999949,54.5
20.7999999948,54.5
21.6499999948,54.5
17.8999999905,59.5
19.7999999905,59.5
20.6749999905,59.5
21.7749999905,59.5
22.8499999904,59.5
15.8499999862,64.5
18.0749999861,64.5
18.9999999861,64.5
20.4249999861,64.5
21.3499999861,64.5
22.1499999861,64.5
23.8249999861,64.5
19.6249999818,69.5
20.5499999817,69.5
21.3999999817,69.5
22.3249999817,69.5
23.6749999817,69.5
17.2499999774,74.5
18.3999999774,74.5
20.4749999774,74.5
22.4499999774,74.5
15.7999999731,79.5
18.0499999731,79.5
20.124999973,79.5
22.174999973,79.5
24.399999973,79.5
25.8499999729,79.5
15.9249999687,84.5
19.0249999687,84.5
20.0999999687,84.5
21.9749999686,84.5
14.5249999644,89.5
18.1999999643,89.5
20.8999999643,89.5
15.14999996,94.5
17.69999996,94.5
14.5749999556,99.5
17.6999999556,99.5
18.8249999556,99.5
21.0749999555,99.5
15.7499999513,104.5
16.7749999512,104.5
17.7999999512,104.5
19.8999999512,104.5
21.2499999512,104.5
19.6249999468,109.5
20.6499999468,109.5
21.5499999468,109.5
16.3749999425,114.5
19.3999999425,114.5
20.5249999425,114.5
22.2999999424,114.5
17.7249999381,119.5
20.9499999381,119.5
17.7749999338,124.5
20.3249999337,124.5
23.6999999337,124.5
20.4999999294,129.5
21.5999999293,129.5
13.6999999251,134.5
13.5499999207,139.5
14.5499999207,139.5
13.6249999164,144.5
14.6499999164,144.5
13.7999999318,149.5
14.7999999318,149.5
13.9249999492,154.5
14.9749999493,154.5
13.9499999667,159.5
15.0249999668,159.5
14.0749999842,164.5
15.1499999842,164.5
14.2250000016,169.5
15.3250000017,169.5
14.3000000191,174.5
15.4500000192,174.5
14.4000000366,179.5
15.5250000366,179.5
14.6000000541,184.5
15.7750000541,184.5
14.7250000715,189.5
15.9500000716,189.5
14.800000089,194.5
16.0250000891,194.5
14.9500001065,199.5
16.2250001065,199.5
15.0500001239,204.5
16.375000124,204.5
15.1500001414,209.5
16.4750001415,209.5
15.2250001589,214.5
16.6000001589,214.5
15.4000001763,219.5
16.8000001764,219.5
15.5500001938,224.5
17.0000001939,224.5
15.6500002113,229.5
17.1500002114,229.5
15.7750002287,234.5
17.2750002288,234.5
15.8750002462,239.5
17.3750002463,239.5
15.9500002637,244.5
17.5500002638,244.5
16.1250002812,249.5
17.7750002812,249.5
16.2250002986,254.5
17.8750002987,254.5
16.3250003161,259.5
18.0500003162,259.5
16.5000003336,264.5
18.3000003337,264.5
16.575000351,269.5
18.4750003511,269.5
16.7250003685,274.5
18.6000003686,274.5
16.825000386,279.5
18.7750003861,279.5
16.9000004034,284.5
18.8750004035,284.5
17.0750004209,289.5
19.075000421,289.5
17.1250004384,294.5
19.2500004385,294.5
17.2500004558,299.5
19.450000456,299.5
17.4000004733,304.5
19.6000004734,304.5
17.4500004908,309.5
19.8500004909,309.5
17.6250005082,314.5
19.9500005084,314.5
17.7000005257,319.5
20.1500005259,319.5
17.7750005432,324.5
20.1250005433,324.5
17.9250005607,329.5
20.4250005608,329.5
13.6250000001,9.75
13.3749999999,14.75
14.2499999999,14.75
15.4749999999,14.75
13.5750000003,19.75
14.4500000003,19.75
15.2750000003,19.75
16.4500000003,19.75
14.5500000014,24.75
15.4250000014,24.75
16.2250000014,24.75
17.2500000014,24.75
13.6750000025,29.75
15.1750000025,29.75
16.0500000025,29.75
16.7500000025,29.75
17.5750000025,29.75
18.8250000025,29.75
16.0500000036,34.75
17.0500000036,34.75
17.8000000036,34.75
18.7500000036,34.75
15.4750000047,39.75
16.6750000047,39.75
17.6250000047,39.75
18.4250000047,39.75
19.2250000047,39.75
20.3000000047,39.75
16.7250000036,44.75
17.5750000036,44.75
18.5250000036,44.75
19.4750000036,44.75
20.3500000036,44.75
21.7750000036,44.75
16.4499999993,49.75
17.3999999993,49.75
18.2999999992,49.75
19.3749999992,49.75
20.2499999992,49.75
20.9999999992,49.75
21.9249999992,49.75
14.6499999949,54.75
16.8499999949,54.75
17.7249999949,54.75
18.5249999949,54.75
19.4249999949,54.75
20.4249999948,54.75
21.2999999948,54.75
22.0249999948,54.75
16.7499999905,59.75
17.6999999905,59.75
18.5499999905,59.75
19.3749999905,59.75
20.1749999905,59.75
21.2999999905,59.75
22.1499999905,59.75
16.0999999862,64.75
18.3999999861,64.75
19.5499999861,64.75
20.5999999861,64.75
21.8249999861,64.75
22.9249999861,64.75
24.0499999861,64.75
18.2499999818,69.75
19.4249999818,69.75
20.3499999818,69.75
21.1999999817,69.75
21.9249999817,69.75
23.4249999817,69.75
24.4999999817,69.75
18.4999999774,74.75
20.7249999774,74.75
21.5999999774,74.75
23.6249999773,74.75
13.9999999731,79.75
16.7499999731,79.75
18.0499999731,79.75
22.524999973,79.75
24.049999973,79.75
15.0999999687,84.75
17.5249999687,84.75
18.5749999687,84.75
19.5249999687,84.75
20.4749999687,84.75
21.4749999686,84.75
24.0249999686,84.75
25.4749999686,84.75
16.8499999643,89.75
18.3999999556,99.75
19.5249999556,99.75
21.6749999555,99.75
14.4499999513,104.75
15.5249999513,104.75
16.5249999512,104.75
18.3749999512,104.75
19.5499999468,109.75
20.5749999468,109.75
16.2999999382,119.75
21.6499999381,119.75
19.0749999337,124.75
16.2749999294,129.75
18.5499999294,129.75
19.5999999294,129.75
20.5749999294,129.75
21.5999999293,129.75
13.6749999251,134.75
13.5749999207,139.75
14.5749999207,139.75
13.6499999164,144.75
14.6749999164,144.75
13.7749999318,149.75
14.7999999318,149.75
13.8749999492,154.75
14.9249999493,154.75
14.0249999667,159.75
15.0999999668,159.75
14.1249999842,164.75
15.1999999842,164.75
14.2000000016,169.75
15.3000000017,169.75
14.3000000191,174.75
15.4000000192,174.75
14.4500000366,179.75
15.6000000367,179.75
14.5500000541,184.75
15.7250000541,184.75
14.6750000715,189.75
15.9000000716,189.75
14.775000089,194.75
16.0250000891,194.75
14.9500001065,199.75
16.2000001065,199.75
15.0500001239,204.75
16.350000124,204.75
15.1500001414,209.75
16.4750001415,209.75
15.2500001589,214.75
16.6250001589,214.75
15.4500001763,219.75
16.8750001764,219.75
15.5500001938,224.75
17.0000001939,224.75
15.5750002113,229.75
17.0250002114,229.75
15.7000002287,234.75
17.1750002288,234.75
15.8750002462,239.75
17.4000002463,239.75
16.0000002637,244.75
17.6000002638,244.75
16.1250002812,249.75
17.8000002813,249.75
16.2250002986,254.75
17.8750002987,254.75
16.3500003161,259.75
18.1000003162,259.75
16.5250003336,264.75
18.3250003337,264.75
16.600000351,269.75
18.4500003511,269.75
16.6750003685,274.75
18.5750003686,274.75
16.850000386,279.75
18.8000003861,279.75
16.9000004034,284.75
18.9000004035,284.75
17.0250004209,289.75
19.050000421,289.75
17.1750004384,294.75
19.3500004385,294.75
17.3000004558,299.75
19.450000456,299.75
17.3750004733,304.75
19.5750004734,304.75
17.4500004908,309.75
19.6500004909,309.75
17.5750005082,314.75
19.8750005084,314.75
17.7000005257,319.75
20.1000005259,319.75
17.7750005432,324.75
20.3000005433,324.75
17.9000005607,329.75
20.3750005608,329.75
