9.2250000001,5.0
10.0750000001,5.0
9.47499999988,10.0
10.3749999999,10.0
11.2499999999,10.0
9.70000000055,15.0
10.6750000006,15.0
11.5000000006,15.0
12.4000000006,15.0
9.47500000176,20.0
10.4500000018,20.0
11.3750000018,20.0
12.2750000018,20.0
13.1750000018,20.0
9.50000000297,25.0
10.575000003,25.0
11.450000003,25.0
12.475000003,25.0
13.300000003,25.0
14.175000003,25.0
9.47500000418,30.0
10.5000000042,30.0
11.4750000042,30.0
12.5750000042,30.0
13.4500000042,30.0
14.2500000042,30.0
15.1000000042,30.0
9.60000000522,35.0
10.6000000052,35.0
11.4250000052,35.0
12.7500000052,35.0
13.5750000052,35.0
14.3750000052,35.0
15.2000000051,35.0
16.2000000051,35.0
9.32500000038,40.0
10.4500000004,40.0
11.6750000003,40.0
12.5500000003,40.0
13.7500000003,40.0
14.6000000003,40.0
15.6250000003,40.0
16.5750000003,40.0
9.67499999553,45.0
10.7749999955,45.0
11.6749999955,45.0
12.6249999955,45.0
13.4999999955,45.0
14.4499999955,45.0
15.6499999954,45.0
16.4499999954,45.0
17.5249999954,45.0
9.84999999068,50.0
10.7749999907,50.0
11.6749999907,50.0
12.6249999906,50.0
13.4249999906,50.0
14.5749999906,50.0
15.6749999906,50.0
16.8249999906,50.0
17.7999999906,50.0
18.7499999905,50.0
9.84999998583,55.0
10.8249999858,55.0
11.6999999858,55.0
12.6249999858,55.0
13.5499999858,55.0
14.4999999858,55.0
15.5749999857,55.0
16.5999999857,55.0
17.7749999857,55.0
19.0249999857,55.0
9.49999998099,60.0
10.624999981,60.0
11.449999981,60.0
12.374999981,60.0
13.4999999809,60.0
14.5999999809,60.0
15.7749999809,60.0
16.7749999809,60.0
19.3249999808,60.0
20.5499999808,60.0
9.27499997615,65.0
10.4499999761,65.0
11.7749999761,65.0
12.6749999761,65.0
13.5749999761,65.0
14.5499999761,65.0
15.4499999761,65.0
16.599999976,65.0
18.949999976,65.0
20.399999976,65.0
21.899999976,65.0
9.6499999713,70.0
10.8249999713,70.0
11.7249999713,70.0
12.6499999713,70.0
13.5499999712,70.0
14.5749999712,70.0
15.4499999712,70.0
16.5749999712,70.0
18.8499999712,70.0
21.5249999711,70.0
22.8499999711,70.0
9.92499996645,75.0
10.8499999664,75.0
11.7499999664,75.0
12.6749999664,75.0
13.7499999664,75.0
14.5499999664,75.0
15.5249999664,75.0
16.4749999664,75.0
18.7249999663,75.0
22.3749999663,75.0
9.72499996161,80.0
10.6999999616,80.0
11.6749999616,80.0
12.5249999616,80.0
13.5999999615,80.0
14.6499999615,80.0
15.6249999615,80.0
16.6499999615,80.0
18.6499999615,80.0
23.6499999614,80.0
9.39999995676,85.0
10.6249999567,85.0
11.7499999567,85.0
12.6249999567,85.0
13.5249999567,85.0
14.6999999567,85.0
15.5749999567,85.0
16.5499999567,85.0
18.8499999566,85.0
25.5749999565,85.0
9.42499995192,90.0
10.5999999519,90.0
11.5249999519,90.0
12.4249999519,90.0
13.5749999519,90.0
14.6999999518,90.0
15.5999999518,90.0
17.0249999518,90.0
18.2499999518,90.0
9.52499994707,95.0
10.4749999471,95.0
11.324999947,95.0
12.549999947,95.0
13.599999947,95.0
14.449999947,95.0
15.749999947,95.0
16.924999947,95.0
18.7999999469,95.0
20.3499999469,95.0
9.34999994223,100.0
10.6249999422,100.0
11.5249999422,100.0
12.4749999422,100.0
13.3999999422,100.0
14.4999999422,100.0
15.3999999421,100.0
16.9499999421,100.0
18.5499999421,100.0
9.64999993738,105.0
10.6499999374,105.0
11.4999999374,105.0
12.3999999373,105.0
13.6749999373,105.0
14.4999999373,105.0
15.3999999373,105.0
16.3749999373,105.0
17.8249999373,105.0
9.42499993254,110.0
10.4749999325,110.0
11.4249999325,110.0
12.3999999325,110.0
13.7749999325,110.0
14.6249999325,110.0
15.7749999324,110.0
16.8249999324,110.0
18.3499999324,110.0
20.3749999324,110.0
9.72499992769,115.0
10.6249999277,115.0
11.4999999277,115.0
12.5499999276,115.0
13.7749999276,115.0
14.7249999276,115.0
15.7249999276,115.0
16.7499999276,115.0
18.3999999276,115.0
22.5749999275,115.0
9.72499992284,120.0
10.8249999228,120.0
11.6499999228,120.0
12.7249999228,120.0
13.6749999228,120.0
14.6499999228,120.0
15.7249999228,120.0
16.7749999227,120.0
19.7999999227,120.0
9.624999918,125.0
10.574999918,125.0
11.524999918,125.0
12.699999918,125.0
13.6749999179,125.0
14.5249999179,125.0
15.6249999179,125.0
16.7249999179,125.0
18.6249999179,125.0
9.04999992713,130.0
9.07499994652,135.0
9.27499996591,140.0
8.92499998527,145.0
9.82499998533,145.0
9.47500000469,150.0
10.7750000048,150.0
9.30000002406,155.0
10.4000000241,155.0
9.32500004345,160.0
10.5000000435,160.0
9.45000006284,165.0
10.6000000629,165.0
9.47500008222,170.0
10.8750000823,170.0
10.0250001016,175.0
10.025000121,180.0
9.9250001404,185.0
10.5250001598,190.0
10.3500001792,195.0
10.3000001986,200.0
11.150000218,205.0
11.1500002374,210.0
11.0750002568,215.0
11.3500002762,220.0
11.1500002955,225.0
11.2250003149,230.0
11.8000003343,235.0
11.6000003537,240.0
11.9500003731,245.0
12.0500003925,250.0
12.0500004119,255.0
12.0500004313,260.0
12.5250004507,265.0
12.30000047,270.0
9.87500048929,275.0
12.7750004895,275.0
9.1500000001,5.33333333333
10.0250000001,5.33333333333
9.57499999988,10.3333333333
10.2999999999,10.3333333333
11.1499999999,10.3333333333
9.57500000055,15.3333333333
10.4250000006,15.3333333333
11.2250000006,15.3333333333
12.1000000006,15.3333333333
9.85000000176,20.3333333333
10.6750000018,20.3333333333
11.4000000018,20.3333333333
12.4500000018,20.3333333333
13.3750000018,20.3333333333
9.47500000297,25.3333333333
10.350000003,25.3333333333
11.375000003,25.3333333333
12.250000003,25.3333333333
13.150000003,25.3333333333
14.025000003,25.3333333333
9.77500000418,30.3333333333
10.6250000042,30.3333333333
11.5500000042,30.3333333333
12.5250000042,30.3333333333
13.4500000042,30.3333333333
14.2250000042,30.3333333333
15.0750000042,30.3333333333
9.67500000522,35.3333333333
10.5750000052,35.3333333333
11.4750000052,35.3333333333
12.4750000052,35.3333333333
13.6000000052,35.3333333333
14.4250000051,35.3333333333
15.5000000051,35.3333333333
16.7250000051,35.3333333333
9.60000000037,40.3333333333
10.6000000004,40.3333333333
11.6000000003,40.3333333333
12.7000000003,40.3333333333
13.5500000003,40.3333333333
14.3750000003,40.3333333333
15.5000000003,40.3333333333
16.3750000003,40.3333333333
9.24999999553,45.3333333333
10.5999999955,45.3333333333
11.6499999955,45.3333333333
12.4999999955,45.3333333333
13.4499999955,45.3333333333
14.7249999955,45.3333333333
15.6249999954,45.3333333333
16.5249999954,45.3333333333
17.4499999954,45.3333333333
9.72499999068,50.3333333333
10.7499999907,50.3333333333
11.7249999907,50.3333333333
12.5999999906,50.3333333333
13.4499999906,50.3333333333
14.6499999906,50.3333333333
15.4999999906,50.3333333333
16.5999999906,50.3333333333
17.7499999906,50.3333333333
18.6999999905,50.3333333333
9.27499998584,55.3333333333
10.5249999858,55.3333333333
11.7749999858,55.3333333333
12.6249999858,55.3333333333
13.6249999858,55.3333333333
14.4499999858,55.3333333333
15.2999999858,55.3333333333
17.0249999857,55.3333333333
18.3499999857,55.3333333333
19.5249999857,55.3333333333
9.47499998099,60.3333333333
10.474999981,60.3333333333
11.324999981,60.3333333333
12.4249999809,60.3333333333
13.5499999809,60.3333333333
14.3749999809,60.3333333333
15.5499999809,60.3333333333
16.6749999809,60.3333333333
18.3999999809,60.3333333333
19.6499999808,60.3333333333
21.0499999808,60.3333333333
9.47499997615,65.3333333333
10.4749999761,65.3333333333
11.4999999761,65.3333333333
12.4499999761,65.3333333333
13.3749999761,65.3333333333
14.3749999761,65.3333333333
15.4999999761,65.3333333333
16.574999976,65.3333333333
18.199999976,65.3333333333
20.849999976,65.3333333333
9.5249999713,70.3333333333
10.8249999713,70.3333333333
11.6749999713,70.3333333333
12.5749999713,70.3333333333
13.6249999712,70.3333333333
14.6749999712,70.3333333333
15.6999999712,70.3333333333
16.5999999712,70.3333333333
18.6999999712,70.3333333333
20.8499999711,70.3333333333
22.4499999711,70.3333333333
9.79999996645,75.3333333333
10.7249999664,75.3333333333
11.6749999664,75.3333333333
12.4999999664,75.3333333333
13.4249999664,75.3333333333
14.7749999664,75.3333333333
15.7999999664,75.3333333333
16.9499999663,75.3333333333
19.3499999663,75.3333333333
23.9749999662,75.3333333333
9.27499996161,80.3333333333
10.7999999616,80.3333333333
11.7249999616,80.3333333333
12.5749999616,80.3333333333
13.6499999615,80.3333333333
14.4749999615,80.3333333333
15.3249999615,80.3333333333
16.7749999615,80.3333333333
18.3999999615,80.3333333333
9.47499995676,85.3333333333
10.5999999567,85.3333333333
11.5499999567,85.3333333333
12.3999999567,85.3333333333
13.4249999567,85.3333333333
14.7249999567,85.3333333333
15.6499999567,85.3333333333
17.0749999567,85.3333333333
18.7499999566,85.3333333333
9.49999995192,90.3333333333
10.6499999519,90.3333333333
11.5749999519,90.3333333333
12.6499999519,90.3333333333
13.5999999519,90.3333333333
14.5999999518,90.3333333333
15.8249999518,90.3333333333
16.9999999518,90.3333333333
18.3499999518,90.3333333333
26.6749999517,90.3333333333
9.72499994707,95.3333333333
10.5749999471,95.3333333333
11.574999947,95.3333333333
12.574999947,95.3333333333
13.524999947,95.3333333333
14.549999947,95.3333333333
15.599999947,95.3333333333
16.924999947,95.3333333333
18.9999999469,95.3333333333
9.62499994222,100.333333333
10.6499999422,100.333333333
11.6999999422,100.333333333
12.5499999422,100.333333333
13.4999999422,100.333333333
14.6749999422,100.333333333
15.7249999421,100.333333333
16.7499999421,100.333333333
19.3749999421,100.333333333
9.77499993738,105.333333333
10.6499999374,105.333333333
11.6249999373,105.333333333
12.7499999373,105.333333333
13.5749999373,105.333333333
14.4249999373,105.333333333
15.3749999373,105.333333333
16.9999999373,105.333333333
18.5499999372,105.333333333
9.59999993253,110.333333333
10.4749999325,110.333333333
11.4999999325,110.333333333
12.4249999325,110.333333333
13.7249999325,110.333333333
14.6999999325,110.333333333
15.7249999324,110.333333333
16.6999999324,110.333333333
17.9749999324,110.333333333
20.4749999324,110.333333333
9.52499992769,115.333333333
10.6749999277,115.333333333
11.5999999277,115.333333333
12.4749999276,115.333333333
13.4749999276,115.333333333
14.4999999276,115.333333333
15.5999999276,115.333333333
16.6749999276,115.333333333
18.4749999276,115.333333333
20.6749999275,115.333333333
9.34999992285,120.333333333
10.5249999228,120.333333333
11.7999999228,120.333333333
12.6249999228,120.333333333
13.6249999228,120.333333333
14.4749999228,120.333333333
15.3499999228,120.333333333
16.4499999227,120.333333333
18.2249999227,120.333333333
9.624999918,125.333333333
10.574999918,125.333333333
11.424999918,125.333333333
12.324999918,125.333333333
13.5499999179,125.333333333
14.4499999179,125.333333333
15.3999999179,125.333333333
16.4499999179,125.333333333
17.8499999179,125.333333333
9.12499992713,130.333333333
9.07499994652,135.333333333
9.3499999853,145.333333333
9.37500002407,155.333333333
10.7500000241,155.333333333
9.32500004345,160.333333333
10.6000000435,160.333333333
9.75000006285,165.333333333
9.55000008222,170.333333333
10.7500000823,170.333333333
9.70000010162,175.333333333
11.7250001017,175.333333333
10.200000121,180.333333333
9.9250001404,185.333333333
11.6750001405,185.333333333
10.3000001598,190.333333333
10.2750001792,195.333333333
10.7250001986,200.333333333
10.850000218,205.333333333
11.1000002374,210.333333333
10.8750002568,215.333333333
11.3000002762,220.333333333
11.4500002956,225.333333333
11.4750003149,230.333333333
11.5750003343,235.333333333
11.6750003537,240.333333333
11.7500003731,245.333333333
12.2000003925,250.333333333
12.1500004119,255.333333333
12.2250004313,260.333333333
12.3750004507,265.333333333
12.17500047,270.333333333
12.6250004894,275.333333333
9.3000000001,5.66666666667
10.1250000001,5.66666666667
9.49999999988,10.6666666667
10.4749999999,10.6666666667
11.4249999999,10.6666666667
9.67500000055,15.6666666667
10.5500000006,15.6666666667
11.5000000006,15.6666666667
12.4250000006,15.6666666667
9.72500000176,20.6666666667
10.6250000018,20.6666666667
11.4250000018,20.6666666667
12.3250000018,20.6666666667
13.2000000018,20.6666666667
9.52500000297,25.6666666667
10.550000003,25.6666666667
11.475000003,25.6666666667
12.325000003,25.6666666667
13.400000003,25.6666666667
14.275000003,25.6666666667
9.77500000418,30.6666666667
10.6000000042,30.6666666667
11.5750000042,30.6666666667
12.5500000042,30.6666666667
13.3500000042,30.6666666667
14.3000000042,30.6666666667
15.2250000042,30.6666666667
9.55000000522,35.6666666667
10.4750000052,35.6666666667
11.6250000052,35.6666666667
12.6500000052,35.6666666667
13.4500000052,35.6666666667
14.4500000051,35.6666666667
15.3500000051,35.6666666667
16.4250000051,35.6666666667
9.75000000037,40.6666666667
10.7500000004,40.6666666667
11.6250000003,40.6666666667
12.6500000003,40.6666666667
13.4750000003,40.6666666667
14.6500000003,40.6666666667
15.5500000003,40.6666666667
16.3500000003,40.6666666667
9.59999999553,45.6666666667
10.6249999955,45.6666666667
11.6749999955,45.6666666667
12.4999999955,45.6666666667
13.3749999955,45.6666666667
14.4749999955,45.6666666667
15.4499999954,45.6666666667
16.5749999954,45.6666666667
17.4249999954,45.6666666667
9.67499999068,50.6666666667
10.6499999907,50.6666666667
11.5499999907,50.6666666667
12.4749999906,50.6666666667
13.5499999906,50.6666666667
14.5749999906,50.6666666667
15.4749999906,50.6666666667
16.8249999906,50.6666666667
17.7999999906,50.6666666667
18.6999999905,50.6666666667
9.34999998584,55.6666666667
10.5749999858,55.6666666667
11.5249999858,55.6666666667
12.6749999858,55.6666666667
13.5499999858,55.6666666667
14.5749999858,55.6666666667
15.5249999858,55.6666666667
16.5499999857,55.6666666667
18.0249999857,55.6666666667
19.6999999857,55.6666666667
9.64999998099,60.6666666667
10.524999981,60.6666666667
11.549999981,60.6666666667
12.5499999809,60.6666666667
13.5999999809,60.6666666667
14.5499999809,60.6666666667
15.4999999809,60.6666666667
16.5499999809,60.6666666667
18.0499999809,60.6666666667
19.5249999808,60.6666666667
20.8749999808,60.6666666667
9.69999997614,65.6666666667
10.6749999761,65.6666666667
11.4749999761,65.6666666667
12.3999999761,65.6666666667
13.4749999761,65.6666666667
14.3499999761,65.6666666667
15.6499999761,65.6666666667
16.649999976,65.6666666667
18.674999976,65.6666666667
20.624999976,65.6666666667
21.699999976,65.6666666667
9.2749999713,70.6666666667
10.4749999713,70.6666666667
11.7499999713,70.6666666667
12.5999999713,70.6666666667
13.6749999712,70.6666666667
14.7499999712,70.6666666667
15.7749999712,70.6666666667
16.8749999712,70.6666666667
18.6249999712,70.6666666667
21.8499999711,70.6666666667
9.37499996646,75.6666666667
10.5249999664,75.6666666667
11.3499999664,75.6666666667
12.4999999664,75.6666666667
13.6749999664,75.6666666667
14.4999999664,75.6666666667
15.7249999664,75.6666666667
16.8249999663,75.6666666667
18.2999999663,75.6666666667
23.2249999663,75.6666666667
9.8749999616,80.6666666667
10.7749999616,80.6666666667
11.5999999616,80.6666666667
12.7999999616,80.6666666667
13.6499999615,80.6666666667
14.6749999615,80.6666666667
15.5749999615,80.6666666667
16.6749999615,80.6666666667
18.4249999615,80.6666666667
24.4249999614,80.6666666667
9.59999995676,85.6666666667
10.4999999567,85.6666666667
11.6499999567,85.6666666667
12.4499999567,85.6666666667
13.6249999567,85.6666666667
14.5749999567,85.6666666667
15.7499999567,85.6666666667
16.8499999567,85.6666666667
18.2749999566,85.6666666667
19.9499999566,85.6666666667
9.72499995191,90.6666666667
10.7499999519,90.6666666667
11.6249999519,90.6666666667
12.7249999519,90.6666666667
13.4999999519,90.6666666667
14.5749999518,90.6666666667
15.6499999518,90.6666666667
16.6499999518,90.6666666667
18.5749999518,90.6666666667
20.7999999518,90.6666666667
9.49999994707,95.6666666667
10.8249999471,95.6666666667
11.674999947,95.6666666667
12.574999947,95.6666666667
13.449999947,95.6666666667
14.449999947,95.6666666667
15.449999947,95.6666666667
16.774999947,95.6666666667
19.4499999469,95.6666666667
9.44999994223,100.666666667
10.4999999422,100.666666667
11.7249999422,100.666666667
12.7499999422,100.666666667
13.5749999422,100.666666667
14.5499999422,100.666666667
15.8249999421,100.666666667
17.1249999421,100.666666667
19.3999999421,100.666666667
9.64999993738,105.666666667
10.6249999374,105.666666667
11.5499999374,105.666666667
12.6749999373,105.666666667
13.5999999373,105.666666667
14.4749999373,105.666666667
15.7749999373,105.666666667
16.9249999373,105.666666667
18.5249999372,105.666666667
9.44999993254,110.666666667
10.3999999325,110.666666667
11.5999999325,110.666666667
12.6499999325,110.666666667
13.6249999325,110.666666667
14.4999999325,110.666666667
15.7999999324,110.666666667
17.0249999324,110.666666667
19.2999999324,110.666666667
9.77499992768,115.666666667
10.7749999277,115.666666667
11.6999999277,115.666666667
12.5249999276,115.666666667
13.5749999276,115.666666667
14.4249999276,115.666666667
15.6499999276,115.666666667
16.6249999276,115.666666667
19.8749999275,115.666666667
9.59999992284,120.666666667
10.5749999228,120.666666667
11.5749999228,120.666666667
12.4249999228,120.666666667
13.3499999228,120.666666667
14.6749999228,120.666666667
15.5999999228,120.666666667
16.8249999227,120.666666667
18.2999999227,120.666666667
9.92499991799,125.666666667
10.849999918,125.666666667
11.824999918,125.666666667
12.699999918,125.666666667
13.5249999179,125.666666667
14.4999999179,125.666666667
15.7499999179,125.666666667
16.8499999179,125.666666667
20.0749999178,125.666666667
9.34999992715,130.666666667
9.24999994653,135.666666667
9.27500000468,150.666666667
10.4250000047,150.666666667
9.60000002408,155.666666667
11.1000000242,155.666666667
9.47500004345,160.666666667
11.2250000436,160.666666667
9.40000006283,165.666666667
10.6500000629,165.666666667
9.55000008222,170.666666667
11.2500000823,170.666666667
9.95000010163,175.666666667
11.9000001017,175.666666667
9.97500012102,180.666666667
10.1250001404,185.666666667
10.5500001598,190.666666667
10.0750001792,195.666666667
10.6500001986,200.666666667
10.850000218,205.666666667
11.1000002374,210.666666667
11.0250002568,215.666666667
11.3250002762,220.666666667
11.5500002956,225.666666667
11.6500003149,230.666666667
11.4250003343,235.666666667
11.8250003537,240.666666667
11.7250003731,245.666666667
12.2250003925,250.666666667
12.3500004119,255.666666667
12.3000004313,260.666666667
12.5750004507,265.666666667
12.27500047,270.666666667
12.7250004895,275.666666667
9.1750000001,6.0
10.0250000001,6.0
9.32499999988,11.0
10.3999999999,11.0
11.2999999999,11.0
9.40000000055,16.0
10.5750000006,16.0
11.4750000006,16.0
12.4250000006,16.0
9.77500000176,21.0
10.6000000018,21.0
11.3250000018,21.0
12.3500000018,21.0
13.2000000018,21.0
9.42500000297,26.0
10.500000003,26.0
11.325000003,26.0
12.300000003,26.0
13.350000003,26.0
14.225000003,26.0
9.37500000418,31.0
10.7000000042,31.0
11.5250000042,31.0
12.5500000042,31.0
13.4000000042,31.0
14.2250000042,31.0
15.1000000042,31.0
9.30000000522,36.0
10.5500000052,36.0
11.6500000052,36.0
12.7750000052,36.0
13.5750000052,36.0
14.3250000052,36.0
15.4250000051,36.0
16.7000000051,36.0
9.57500000037,41.0
10.7000000004,41.0
11.7000000003,41.0
12.6250000003,41.0
13.6000000003,41.0
14.5000000003,41.0
15.3750000003,41.0
16.3750000003,41.0
9.69999999553,46.0
10.5749999955,46.0
11.8249999955,46.0
12.6749999955,46.0
13.5749999955,46.0
14.7499999955,46.0
15.6499999954,46.0
16.4999999954,46.0
17.6249999954,46.0
9.39999999069,51.0
10.5249999907,51.0
11.6999999907,51.0
12.7999999906,51.0
13.6749999906,51.0
14.4999999906,51.0
15.6749999906,51.0
16.5499999906,51.0
17.5499999906,51.0
18.7749999905,51.0
9.77499998583,56.0
10.6749999858,56.0
11.5499999858,56.0
12.7249999858,56.0
13.6249999858,56.0
14.3999999858,56.0
15.5749999857,56.0
16.8999999857,56.0
18.2499999857,56.0
19.4249999857,56.0
9.59999998099,61.0
10.524999981,61.0
11.624999981,61.0
12.4749999809,61.0
13.5499999809,61.0
14.7499999809,61.0
15.6499999809,61.0
16.7249999809,61.0
18.1749999809,61.0
19.7249999808,61.0
20.7749999808,61.0
9.52499997615,66.0
10.4499999761,66.0
11.7749999761,66.0
12.7499999761,66.0
13.5999999761,66.0
14.4749999761,66.0
15.4499999761,66.0
16.799999976,66.0
18.324999976,66.0
19.824999976,66.0
21.624999976,66.0
9.6999999713,71.0
10.5999999713,71.0
11.4999999713,71.0
12.4249999713,71.0
13.6249999712,71.0
14.4499999712,71.0
15.3249999712,71.0
16.3999999712,71.0
18.3999999712,71.0
21.0999999711,71.0
22.6999999711,71.0
9.54999996645,76.0
10.5499999664,76.0
11.6999999664,76.0
12.5249999664,76.0
13.4249999664,76.0
14.4999999664,76.0
15.8499999664,76.0
17.1749999663,76.0
20.4999999663,76.0
22.9999999663,76.0
9.69999996161,81.0
10.5499999616,81.0
11.7249999616,81.0
12.5249999616,81.0
13.5249999616,81.0
14.6999999615,81.0
15.6749999615,81.0
16.6249999615,81.0
18.2749999615,81.0
24.4749999614,81.0
9.27499995677,86.0
10.6499999567,86.0
11.4999999567,86.0
12.3999999567,86.0
13.5249999567,86.0
14.5999999567,86.0
15.6499999567,86.0
16.7749999567,86.0
19.1249999566,86.0
9.29999995192,91.0
10.4749999519,91.0
11.6749999519,91.0
12.5499999519,91.0
13.5499999519,91.0
14.3749999518,91.0
15.4249999518,91.0
16.3999999518,91.0
18.2249999518,91.0
9.54999994707,96.0
10.3999999471,96.0
11.774999947,96.0
12.649999947,96.0
13.524999947,96.0
14.399999947,96.0
15.474999947,96.0
16.474999947,96.0
18.2999999469,96.0
27.8249999468,96.0
9.79999994222,101.0
10.7999999422,101.0
11.7749999422,101.0
12.6499999422,101.0
13.4999999422,101.0
14.4499999422,101.0
15.6999999421,101.0
16.8749999421,101.0
19.0999999421,101.0
9.64999993738,106.0
10.7499999374,106.0
11.5999999373,106.0
12.4499999373,106.0
13.6499999373,106.0
14.4999999373,106.0
15.4999999373,106.0
16.7749999373,106.0
18.2999999373,106.0
9.54999993253,111.0
10.6999999325,111.0
11.6499999325,111.0
12.7249999325,111.0
13.5499999325,111.0
14.4749999325,111.0
15.4749999324,111.0
16.4749999324,111.0
18.5749999324,111.0
9.47499992769,116.0
10.3499999277,116.0
11.4999999277,116.0
12.3749999276,116.0
13.4999999276,116.0
14.6249999276,116.0
15.6999999276,116.0
16.7749999276,116.0
18.2499999276,116.0
20.3249999275,116.0
9.29999992285,121.0
10.3499999228,121.0
11.6749999228,121.0
12.5749999228,121.0
13.4499999228,121.0
14.3499999228,121.0
15.5999999228,121.0
16.5999999227,121.0
18.4749999227,121.0
20.6749999227,121.0
9.87499991799,126.0
10.849999918,126.0
11.774999918,126.0
12.649999918,126.0
13.5999999179,126.0
14.6499999179,126.0
15.6499999179,126.0
16.6499999179,126.0
18.3749999179,126.0
9.04999992713,131.0
9.19999994652,136.0
9.1749999659,141.0
8.99999998528,146.0
9.89999998533,146.0
9.17500000467,151.0
10.4000000047,151.0
9.32500002406,156.0
10.6000000241,156.0
9.37500004345,161.0
10.7500000435,161.0
9.52500006284,166.0
10.8500000629,166.0
9.60000008223,171.0
9.82500010162,176.0
9.87500012101,181.0
9.85000014039,186.0
11.4750001405,186.0
10.1500001598,191.0
10.6750001792,196.0
10.4250001986,201.0
10.525000218,206.0
10.7250002374,211.0
11.1000002568,216.0
11.1000002761,221.0
11.5250002956,226.0
11.7000003149,231.0
11.6500003343,236.0
11.8000003537,241.0
11.7500003731,246.0
12.1500003925,251.0
12.2500004119,256.0
12.3000004313,261.0
12.2250004507,266.0
12.27500047,271.0
12.3750004894,276.0
9.0750000001,6.33333333333
9.95000000011,6.33333333333
9.27499999988,11.3333333333
10.3249999999,11.3333333333
11.1999999999,11.3333333333
9.52500000055,16.3333333333
10.5500000006,16.3333333333
11.2750000006,16.3333333333
12.1750000006,16.3333333333
9.32500000176,21.3333333333
10.4000000018,21.3333333333
11.5750000018,21.3333333333
12.5500000018,21.3333333333
13.4750000018,21.3333333333
9.52500000297,26.3333333333
10.575000003,26.3333333333
11.575000003,26.3333333333
12.350000003,26.3333333333
13.300000003,26.3333333333
14.175000003,26.3333333333
9.65000000418,31.3333333333
10.5500000042,31.3333333333
11.5750000042,31.3333333333
12.4500000042,31.3333333333
13.4750000042,31.3333333333
14.2250000042,31.3333333333
15.0750000042,31.3333333333
9.87500000522,36.3333333333
10.7500000052,36.3333333333
11.6250000052,36.3333333333
12.5500000052,36.3333333333
13.5000000052,36.3333333333
14.3750000052,36.3333333333
15.3750000051,36.3333333333
16.4500000051,36.3333333333
9.37500000038,41.3333333333
10.5500000004,41.3333333333
11.6750000003,41.3333333333
12.5250000003,41.3333333333
13.4500000003,41.3333333333
14.3000000003,41.3333333333
15.5750000003,41.3333333333
16.4250000003,41.3333333333
9.49999999553,46.3333333333
10.6999999955,46.3333333333
11.6999999955,46.3333333333
12.7499999955,46.3333333333
13.5499999955,46.3333333333
14.5749999955,46.3333333333
15.4749999954,46.3333333333
16.6499999954,46.3333333333
17.4499999954,46.3333333333
9.34999999069,51.3333333333
10.6499999907,51.3333333333
11.4749999907,51.3333333333
12.6249999906,51.3333333333
13.5749999906,51.3333333333
14.4499999906,51.3333333333
15.6249999906,51.3333333333
16.8249999906,51.3333333333
17.7749999906,51.3333333333
18.7749999905,51.3333333333
9.29999998584,56.3333333333
10.5499999858,56.3333333333
11.7249999858,56.3333333333
12.5749999858,56.3333333333
13.6499999858,56.3333333333
14.6999999858,56.3333333333
15.5999999857,56.3333333333
16.8749999857,56.3333333333
18.4749999857,56.3333333333
19.6749999857,56.3333333333
9.77499998099,61.3333333333
10.649999981,61.3333333333
11.574999981,61.3333333333
12.5249999809,61.3333333333
13.4499999809,61.3333333333
14.4249999809,61.3333333333
15.2999999809,61.3333333333
16.7999999809,61.3333333333
18.6999999809,61.3333333333
19.9249999808,61.3333333333
9.77499997614,66.3333333333
10.6499999761,66.3333333333
11.7249999761,66.3333333333
12.5999999761,66.3333333333
13.6749999761,66.3333333333
14.6749999761,66.3333333333
15.6749999761,66.3333333333
16.549999976,66.3333333333
18.074999976,66.3333333333
20.224999976,66.3333333333
21.799999976,66.3333333333
9.3499999713,71.3333333333
10.5499999713,71.3333333333
11.5499999713,71.3333333333
12.5749999713,71.3333333333
13.5499999712,71.3333333333
14.6999999712,71.3333333333
15.7999999712,71.3333333333
16.8999999712,71.3333333333
18.3749999712,71.3333333333
21.1499999711,71.3333333333
23.0749999711,71.3333333333
9.77499996645,76.3333333333
10.6749999664,76.3333333333
11.5749999664,76.3333333333
12.5249999664,76.3333333333
13.4499999664,76.3333333333
14.3499999664,76.3333333333
15.5999999664,76.3333333333
16.7999999663,76.3333333333
18.3749999663,76.3333333333
24.0499999662,76.3333333333
9.29999996161,81.3333333333
10.4249999616,81.3333333333
11.7749999616,81.3333333333
12.6249999616,81.3333333333
13.5749999616,81.3333333333
14.4999999615,81.3333333333
15.7749999615,81.3333333333
16.9499999615,81.3333333333
23.5249999614,81.3333333333
9.37499995677,86.3333333333
10.6499999567,86.3333333333
11.5249999567,86.3333333333
12.5999999567,86.3333333333
13.6999999567,86.3333333333
14.5249999567,86.3333333333
15.5999999567,86.3333333333
16.9249999567,86.3333333333
18.5499999566,86.3333333333
25.4999999565,86.3333333333
9.34999995192,91.3333333333
10.6999999519,91.3333333333
11.5999999519,91.3333333333
12.5999999519,91.3333333333
13.6499999519,91.3333333333
14.7249999518,91.3333333333
15.6999999518,91.3333333333
16.6999999518,91.3333333333
19.0999999518,91.3333333333
9.72499994707,96.3333333333
10.6249999471,96.3333333333
11.549999947,96.3333333333
12.549999947,96.3333333333
13.574999947,96.3333333333
14.624999947,96.3333333333
15.624999947,96.3333333333
16.924999947,96.3333333333
18.4749999469,96.3333333333
9.29999994223,101.333333333
10.5999999422,101.333333333
11.8249999422,101.333333333
12.6499999422,101.333333333
13.4749999422,101.333333333
14.5499999422,101.333333333
15.6999999421,101.333333333
16.7999999421,101.333333333
19.3249999421,101.333333333
21.5999999421,101.333333333
9.79999993738,106.333333333
10.6749999374,106.333333333
11.5249999374,106.333333333
12.6249999373,106.333333333
13.6999999373,106.333333333
14.5499999373,106.333333333
15.7749999373,106.333333333
16.8749999373,106.333333333
9.82499993253,111.333333333
10.8749999325,111.333333333
11.7499999325,111.333333333
12.6499999325,111.333333333
13.5499999325,111.333333333
14.4249999325,111.333333333
15.5749999324,111.333333333
17.0499999324,111.333333333
19.5249999324,111.333333333
9.52499992769,116.333333333
10.7999999277,116.333333333
11.7499999277,116.333333333
12.6249999276,116.333333333
13.7499999276,116.333333333
14.5999999276,116.333333333
15.5499999276,116.333333333
16.5999999276,116.333333333
19.2999999275,116.333333333
9.64999992284,121.333333333
10.4749999228,121.333333333
11.5499999228,121.333333333
12.4499999228,121.333333333
13.3499999228,121.333333333
14.5499999228,121.333333333
15.6999999228,121.333333333
16.9749999227,121.333333333
18.3249999227,121.333333333
9.624999918,126.333333333
10.599999918,126.333333333
11.699999918,126.333333333
12.524999918,126.333333333
13.3999999179,126.333333333
14.4249999179,126.333333333
15.4249999179,126.333333333
16.7999999179,126.333333333
19.0249999179,126.333333333
9.12499992713,131.333333333
9.12499994652,136.333333333
9.0749999659,141.333333333
9.27499998529,146.333333333
10.4499999854,146.333333333
9.12500000467,151.333333333
10.0250000047,151.333333333
9.42500002407,156.333333333
10.6250000241,156.333333333
9.45000004345,161.333333333
10.6750000435,161.333333333
9.67500006285,166.333333333
11.2500000629,166.333333333
9.55000008222,171.333333333
10.7500000823,171.333333333
9.90000010163,176.333333333
10.125000121,181.333333333
9.9500001404,186.333333333
11.6750001405,186.333333333
10.2750001598,191.333333333
10.4250001792,196.333333333
10.6000001986,201.333333333
10.575000218,206.333333333
11.0750002374,211.333333333
11.2500002568,216.333333333
11.1250002761,221.333333333
11.3500002955,226.333333333
11.6500003149,231.333333333
11.4250003343,236.333333333
11.6000003537,241.333333333
11.9000003731,246.333333333
11.8750003925,251.333333333
12.2000004119,256.333333333
12.0750004313,261.333333333
12.2750004507,266.333333333
12.5750004701,271.333333333
9.20000048925,276.333333333
12.7000004895,276.333333333
9.2500000001,6.66666666667
10.0750000001,6.66666666667
9.42499999988,11.6666666667
10.4999999999,11.6666666667
11.4249999999,11.6666666667
9.27500000055,16.6666666667
10.5250000006,16.6666666667
11.5250000006,16.6666666667
12.4250000006,16.6666666667
9.35000000176,21.6666666667
10.3000000018,21.6666666667
11.4500000018,21.6666666667
12.3500000018,21.6666666667
13.2500000018,21.6666666667
9.60000000297,26.6666666667
10.675000003,26.6666666667
11.475000003,26.6666666667
12.525000003,26.6666666667
13.350000003,26.6666666667
14.250000003,26.6666666667
9.42500000418,31.6666666667
10.4500000042,31.6666666667
11.6000000042,31.6666666667
12.4500000042,31.6666666667
13.4750000042,31.6666666667
14.2500000042,31.6666666667
15.1500000042,31.6666666667
9.37500000522,36.6666666667
10.5750000052,36.6666666667
11.4250000052,36.6666666667
12.6750000052,36.6666666667
13.4750000052,36.6666666667
14.4000000051,36.6666666667
15.5000000051,36.6666666667
16.8500000051,36.6666666667
9.77500000037,41.6666666667
10.8250000004,41.6666666667
11.6750000003,41.6666666667
12.5750000003,41.6666666667
13.7000000003,41.6666666667
14.6250000003,41.6666666667
15.3500000003,41.6666666667
16.2750000003,41.6666666667
17.7500000003,41.6666666667
9.77499999553,46.6666666667
10.6499999955,46.6666666667
11.6999999955,46.6666666667
12.6749999955,46.6666666667
13.6999999955,46.6666666667
14.5249999955,46.6666666667
15.4749999954,46.6666666667
16.4249999954,46.6666666667
17.3499999954,46.6666666667
9.69999999068,51.6666666667
10.5749999907,51.6666666667
11.7499999907,51.6666666667
12.5999999906,51.6666666667
13.6499999906,51.6666666667
14.4999999906,51.6666666667
15.4749999906,51.6666666667
16.5249999906,51.6666666667
17.6749999906,51.6666666667
18.8249999905,51.6666666667
9.67499998584,56.6666666667
10.5749999858,56.6666666667
11.6999999858,56.6666666667
12.5499999858,56.6666666667
13.5249999858,56.6666666667
14.3749999858,56.6666666667
15.4749999858,56.6666666667
16.7249999857,56.6666666667
17.8749999857,56.6666666667
19.0499999857,56.6666666667
9.72499998099,61.6666666667
10.549999981,61.6666666667
11.599999981,61.6666666667
12.6749999809,61.6666666667
13.6249999809,61.6666666667
14.6249999809,61.6666666667
15.4749999809,61.6666666667
16.7249999809,61.6666666667
18.1999999809,61.6666666667
20.0999999808,61.6666666667
9.32499997615,66.6666666667
10.4999999761,66.6666666667
11.4999999761,66.6666666667
12.4749999761,66.6666666667
13.5999999761,66.6666666667
14.5499999761,66.6666666667
15.7999999761,66.6666666667
16.924999976,66.6666666667
18.924999976,66.6666666667
20.449999976,66.6666666667
21.599999976,66.6666666667
9.3499999713,71.6666666667
10.5749999713,71.6666666667
11.4749999713,71.6666666667
12.6499999713,71.6666666667
13.6749999712,71.6666666667
14.5749999712,71.6666666667
15.5249999712,71.6666666667
16.9249999712,71.6666666667
18.4249999712,71.6666666667
20.3749999711,71.6666666667
22.5499999711,71.6666666667
9.87499996645,76.6666666667
10.7999999664,76.6666666667
11.6749999664,76.6666666667
12.6249999664,76.6666666667
13.6249999664,76.6666666667
14.5499999664,76.6666666667
15.7499999664,76.6666666667
16.8249999663,76.6666666667
18.3749999663,76.6666666667
23.2499999663,76.6666666667
9.69999996161,81.6666666667
10.8249999616,81.6666666667
11.7249999616,81.6666666667
12.6749999616,81.6666666667
13.4999999616,81.6666666667
14.3499999615,81.6666666667
15.5999999615,81.6666666667
16.6249999615,81.6666666667
18.3999999615,81.6666666667
9.47499995676,86.6666666667
10.6749999567,86.6666666667
11.5249999567,86.6666666667
12.5499999567,86.6666666667
13.4499999567,86.6666666667
14.5999999567,86.6666666667
15.4499999567,86.6666666667
16.7749999567,86.6666666667
18.7249999566,86.6666666667
25.4249999565,86.6666666667
9.77499995191,91.6666666667
10.7749999519,91.6666666667
11.6249999519,91.6666666667
12.6749999519,91.6666666667
13.6499999519,91.6666666667
14.6499999518,91.6666666667
15.6499999518,91.6666666667
16.5749999518,91.6666666667
17.8999999518,91.6666666667
19.3999999518,91.6666666667
9.47499994707,96.6666666667
10.5749999471,96.6666666667
11.474999947,96.6666666667
12.674999947,96.6666666667
13.749999947,96.6666666667
14.549999947,96.6666666667
15.399999947,96.6666666667
16.949999947,96.6666666667
18.5249999469,96.6666666667
9.52499994223,101.666666667
10.6249999422,101.666666667
11.5249999422,101.666666667
12.5999999422,101.666666667
13.5499999422,101.666666667
14.6749999422,101.666666667
15.7749999421,101.666666667
16.9249999421,101.666666667
19.5249999421,101.666666667
9.52499993738,106.666666667
10.4249999374,106.666666667
11.6249999373,106.666666667
12.5749999373,106.666666667
13.6499999373,106.666666667
14.5499999373,106.666666667
15.6499999373,106.666666667
16.8499999373,106.666666667
18.9749999372,106.666666667
9.69999993253,111.666666667
10.8249999325,111.666666667
11.6999999325,111.666666667
12.6249999325,111.666666667
13.4999999325,111.666666667
14.3499999325,111.666666667
15.3749999324,111.666666667
16.6249999324,111.666666667
19.3249999324,111.666666667
9.29999992769,116.666666667
10.5999999277,116.666666667
11.5249999277,116.666666667
12.4749999276,116.666666667
13.4249999276,116.666666667
14.3499999276,116.666666667
15.7999999276,116.666666667
16.9999999276,116.666666667
19.3749999275,116.666666667
9.34999992285,121.666666667
10.7499999228,121.666666667
11.5999999228,121.666666667
12.7499999228,121.666666667
13.6499999228,121.666666667
14.6499999228,121.666666667
15.5499999228,121.666666667
16.6749999227,121.666666667
18.3249999227,121.666666667
21.4249999227,121.666666667
9.499999918,126.666666667
10.524999918,126.666666667
11.474999918,126.666666667
12.699999918,126.666666667
13.5499999179,126.666666667
14.7249999179,126.666666667
15.6749999179,126.666666667
16.9499999179,126.666666667
18.4249999179,126.666666667
20.4499999178,126.666666667
9.04999992713,131.666666667
9.09999994652,136.666666667
9.29999996591,141.666666667
9.07500000466,151.666666667
10.1750000047,151.666666667
9.27500002406,156.666666667
10.5750000241,156.666666667
9.40000004345,161.666666667
10.6000000435,161.666666667
9.82500006286,166.666666667
9.72500008224,171.666666667
11.0000000823,171.666666667
9.82500010162,176.666666667
9.95000012101,181.666666667
10.2500001404,186.666666667
10.5750001598,191.666666667
10.3000001792,196.666666667
10.4000001986,201.666666667
10.875000218,206.666666667
10.9500002374,211.666666667
11.2750002568,216.666666667
10.9750002761,221.666666667
11.4000002955,226.666666667
11.5250003149,231.666666667
11.7000003343,236.666666667
11.7000003537,241.666666667
11.7750003731,246.666666667
12.0500003925,251.666666667
12.0000004119,256.666666667
12.4250004313,261.666666667
12.2750004507,266.666666667
12.6250004701,271.666666667
12.6750004894,276.666666667
9.2750000001,7.0
10.1250000001,7.0
9.44999999988,12.0
10.2499999999,12.0
11.1249999999,12.0
9.55000000055,17.0
10.6000000006,17.0
11.4000000006,17.0
12.2750000006,17.0
9.40000000176,22.0
10.5250000018,22.0
11.4000000018,22.0
12.4000000018,22.0
13.2750000018,22.0
9.35000000297,27.0
10.775000003,27.0
11.650000003,27.0
12.450000003,27.0
13.300000003,27.0
14.175000003,27.0
9.25000000418,32.0
10.5250000042,32.0
11.6000000042,32.0
12.4250000042,32.0
13.2750000042,32.0
14.3000000042,32.0
15.1750000042,32.0
9.65000000522,37.0
10.6500000052,37.0
11.7250000052,37.0
12.5750000052,37.0
13.5000000052,37.0
14.5000000051,37.0
15.4250000051,37.0
16.4250000051,37.0
9.70000000037,42.0
10.7500000004,42.0
11.6750000003,42.0
12.7000000003,42.0
13.5000000003,42.0
14.3250000003,42.0
15.3250000003,42.0
16.3500000003,42.0
9.84999999552,47.0
10.7749999955,47.0
11.6499999955,47.0
12.5249999955,47.0
13.6999999955,47.0
14.5749999955,47.0
15.5749999954,47.0
16.5249999954,47.0
17.5999999954,47.0
9.69999999068,52.0
10.7249999907,52.0
11.7749999907,52.0
12.6249999906,52.0
13.4999999906,52.0
14.3999999906,52.0
15.3249999906,52.0
16.6749999906,52.0
17.7999999906,52.0
18.6999999905,52.0
9.34999998584,57.0
10.3999999858,57.0
11.3749999858,57.0
12.3249999858,57.0
13.2999999858,57.0
14.4249999858,57.0
15.5749999857,57.0
16.7999999857,57.0
18.1499999857,57.0
19.4999999857,57.0
9.39999998099,62.0
10.424999981,62.0
11.424999981,62.0
12.6999999809,62.0
13.6249999809,62.0
14.5249999809,62.0
15.5249999809,62.0
16.9249999809,62.0
18.8749999809,62.0
20.1499999808,62.0
9.39999997615,67.0
10.3999999761,67.0
11.3999999761,67.0
12.7249999761,67.0
13.7499999761,67.0
14.5749999761,67.0
15.6499999761,67.0
16.949999976,67.0
18.324999976,67.0
19.724999976,67.0
21.199999976,67.0
9.2999999713,72.0
10.7749999713,72.0
11.6499999713,72.0
12.7499999713,72.0
13.7249999712,72.0
14.7499999712,72.0
15.7499999712,72.0
16.7749999712,72.0
18.1749999712,72.0
20.7749999711,72.0
22.9249999711,72.0
9.59999996645,77.0
10.5249999664,77.0
11.4499999664,77.0
12.5499999664,77.0
13.5749999664,77.0
14.5249999664,77.0
15.6999999664,77.0
16.7499999663,77.0
19.3749999663,77.0
22.6749999663,77.0
9.32499996161,82.0
10.7499999616,82.0
11.7249999616,82.0
12.5999999616,82.0
13.4999999616,82.0
14.3249999615,82.0
15.3749999615,82.0
16.8499999615,82.0
18.9749999615,82.0
9.44999995676,87.0
10.5249999567,87.0
11.5499999567,87.0
12.6999999567,87.0
13.6249999567,87.0
14.6499999567,87.0
15.5249999567,87.0
16.9499999567,87.0
9.89999995191,92.0
10.8499999519,92.0
11.8499999519,92.0
12.7249999519,92.0
13.7999999519,92.0
14.6749999518,92.0
15.7499999518,92.0
16.8749999518,92.0
18.4749999518,92.0
9.37499994707,97.0
10.6499999471,97.0
11.524999947,97.0
12.374999947,97.0
13.349999947,97.0
14.574999947,97.0
15.599999947,97.0
16.624999947,97.0
18.5249999469,97.0
20.4999999469,97.0
9.57499994223,102.0
10.3999999422,102.0
11.4249999422,102.0
12.7499999422,102.0
13.6249999422,102.0
14.4749999422,102.0
15.3999999421,102.0
16.4749999421,102.0
18.2749999421,102.0
20.4749999421,102.0
9.52499993738,107.0
10.6999999374,107.0
11.5749999374,107.0
12.4249999373,107.0
13.7249999373,107.0
14.5749999373,107.0
15.7999999373,107.0
16.9499999373,107.0
18.3999999373,107.0
9.69999993253,112.0
10.5999999325,112.0
11.6499999325,112.0
12.6999999325,112.0
13.5249999325,112.0
14.5249999325,112.0
15.5749999324,112.0
16.7249999324,112.0
18.1499999324,112.0
9.72499992769,117.0
10.6749999277,117.0
11.8249999277,117.0
12.6499999276,117.0
13.6999999276,117.0
14.5249999276,117.0
15.6999999276,117.0
16.7999999276,117.0
20.4249999275,117.0
9.34999992285,122.0
10.5749999228,122.0
11.7749999228,122.0
12.6499999228,122.0
13.5999999228,122.0
14.5749999228,122.0
15.6999999228,122.0
16.9749999227,122.0
18.5499999227,122.0
9.74999991799,127.0
10.599999918,127.0
11.599999918,127.0
12.549999918,127.0
13.5999999179,127.0
14.6749999179,127.0
15.7499999179,127.0
16.8249999179,127.0
18.7749999179,127.0
9.02499992713,132.0
9.09999994652,137.0
9.29999998529,147.0
9.32500000468,152.0
10.5250000047,152.0
9.17500002405,157.0
10.3000000241,157.0
9.37500004345,162.0
10.5000000435,162.0
9.37500006283,167.0
10.5000000629,167.0
9.62500008223,172.0
11.3750000823,172.0
9.97500010163,177.0
10.125000121,182.0
9.85000014039,187.0
11.5000001405,187.0
10.3500001598,192.0
10.6000001792,197.0
10.7500001986,202.0
10.725000218,207.0
11.1000002374,212.0
11.1500002568,217.0
11.4000002762,222.0
11.2750002955,227.0
11.4750003149,232.0
11.7000003343,237.0
11.6250003537,242.0
11.9250003731,247.0
11.9500003925,252.0
12.1500004119,257.0
12.3750004313,262.0
12.2250004507,267.0
12.5000004701,272.0
12.7250004895,277.0
9.3000000001,7.33333333333
10.1500000001,7.33333333333
9.24999999988,12.3333333333
10.2749999999,12.3333333333
11.1249999999,12.3333333333
9.35000000055,17.3333333333
10.3750000006,17.3333333333
11.3000000006,17.3333333333
12.2000000006,17.3333333333
9.67500000176,22.3333333333
10.5000000018,22.3333333333
11.3000000018,22.3333333333
12.2500000018,22.3333333333
13.1250000018,22.3333333333
9.87500000297,27.3333333333
10.775000003,27.3333333333
11.550000003,27.3333333333
12.500000003,27.3333333333
13.450000003,27.3333333333
14.375000003,27.3333333333
9.52500000418,32.3333333333
10.7000000042,32.3333333333
11.5250000042,32.3333333333
12.6250000042,32.3333333333
13.3750000042,32.3333333333
14.3500000042,32.3333333333
15.2250000042,32.3333333333
9.40000000522,37.3333333333
10.7250000052,37.3333333333
11.6250000052,37.3333333333
12.4750000052,37.3333333333
13.5750000052,37.3333333333
14.4500000051,37.3333333333
15.2750000051,37.3333333333
16.2750000051,37.3333333333
9.62500000037,42.3333333333
10.5000000004,42.3333333333
11.5250000003,42.3333333333
12.3500000003,42.3333333333
13.6250000003,42.3333333333
14.6500000003,42.3333333333
15.5750000003,42.3333333333
16.5250000003,42.3333333333
9.42499999553,47.3333333333
10.3999999955,47.3333333333
11.6499999955,47.3333333333
12.6749999955,47.3333333333
13.5499999955,47.3333333333
14.6749999955,47.3333333333
15.5249999954,47.3333333333
16.6249999954,47.3333333333
17.4999999954,47.3333333333
9.32499999069,52.3333333333
10.5499999907,52.3333333333
11.7249999907,52.3333333333
12.7749999906,52.3333333333
13.6499999906,52.3333333333
14.6499999906,52.3333333333
15.7749999906,52.3333333333
16.6499999906,52.3333333333
17.5249999906,52.3333333333
18.7999999905,52.3333333333
9.84999998583,57.3333333333
10.7499999858,57.3333333333
11.7499999858,57.3333333333
12.5749999858,57.3333333333
13.4249999858,57.3333333333
14.5749999858,57.3333333333
15.5749999857,57.3333333333
16.8749999857,57.3333333333
18.1499999857,57.3333333333
19.7499999857,57.3333333333
9.39999998099,62.3333333333
10.524999981,62.3333333333
11.349999981,62.3333333333
12.4499999809,62.3333333333
13.4749999809,62.3333333333
14.5999999809,62.3333333333
15.7249999809,62.3333333333
17.0249999809,62.3333333333
18.8249999809,62.3333333333
20.1499999808,62.3333333333
9.67499997614,67.3333333333
10.7749999761,67.3333333333
11.5999999761,67.3333333333
12.5499999761,67.3333333333
13.5249999761,67.3333333333
14.5749999761,67.3333333333
15.6749999761,67.3333333333
16.799999976,67.3333333333
18.199999976,67.3333333333
20.499999976,67.3333333333
22.049999976,67.3333333333
9.3999999713,72.3333333333
10.2999999713,72.3333333333
11.7249999713,72.3333333333
12.5749999713,72.3333333333
13.3999999712,72.3333333333
14.4499999712,72.3333333333
15.7499999712,72.3333333333
16.8249999712,72.3333333333
18.6249999712,72.3333333333
21.6249999711,72.3333333333
9.32499996646,77.3333333333
10.5499999664,77.3333333333
11.3999999664,77.3333333333
12.5999999664,77.3333333333
13.4499999664,77.3333333333
14.3749999664,77.3333333333
15.6749999664,77.3333333333
16.9999999663,77.3333333333
18.2249999663,77.3333333333
22.4499999663,77.3333333333
9.49999996161,82.3333333333
10.7499999616,82.3333333333
11.5749999616,82.3333333333
12.4249999616,82.3333333333
13.4249999616,82.3333333333
14.5999999615,82.3333333333
15.7499999615,82.3333333333
16.8749999615,82.3333333333
19.9499999615,82.3333333333
24.5249999614,82.3333333333
9.74999995676,87.3333333333
10.7499999567,87.3333333333
11.6749999567,87.3333333333
12.5249999567,87.3333333333
13.5499999567,87.3333333333
14.5999999567,87.3333333333
15.7249999567,87.3333333333
16.7499999567,87.3333333333
18.4749999566,87.3333333333
9.79999995191,92.3333333333
10.6749999519,92.3333333333
11.4749999519,92.3333333333
12.5749999519,92.3333333333
13.5249999519,92.3333333333
14.3249999518,92.3333333333
15.3499999518,92.3333333333
16.6749999518,92.3333333333
19.2249999518,92.3333333333
9.62499994707,97.3333333333
10.8499999471,97.3333333333
11.824999947,97.3333333333
12.724999947,97.3333333333
13.499999947,97.3333333333
14.574999947,97.3333333333
15.524999947,97.3333333333
16.549999947,97.3333333333
17.9999999469,97.3333333333
20.5249999469,97.3333333333
9.64999994222,102.333333333
10.7499999422,102.333333333
11.6999999422,102.333333333
12.5249999422,102.333333333
13.3499999422,102.333333333
14.4249999422,102.333333333
15.5749999421,102.333333333
16.7249999421,102.333333333
18.1999999421,102.333333333
9.52499993738,107.333333333
10.6999999374,107.333333333
11.5499999374,107.333333333
12.6249999373,107.333333333
13.7249999373,107.333333333
14.5999999373,107.333333333
15.6249999373,107.333333333
16.8249999373,107.333333333
18.5499999372,107.333333333
9.44999993254,112.333333333
10.6499999325,112.333333333
11.5249999325,112.333333333
12.5249999325,112.333333333
13.5999999325,112.333333333
14.6249999325,112.333333333
15.6249999324,112.333333333
16.6249999324,112.333333333
18.9749999324,112.333333333
20.5499999324,112.333333333
9.39999992769,117.333333333
10.4249999277,117.333333333
11.3749999277,117.333333333
12.5249999276,117.333333333
13.4499999276,117.333333333
14.5999999276,117.333333333
15.7499999276,117.333333333
16.7499999276,117.333333333
18.8249999276,117.333333333
9.39999992284,122.333333333
10.5749999228,122.333333333
11.4999999228,122.333333333
12.3999999228,122.333333333
13.6999999228,122.333333333
14.5499999228,122.333333333
15.5999999228,122.333333333
16.6249999227,122.333333333
17.9999999227,122.333333333
20.3249999227,122.333333333
9.474999918,127.333333333
10.474999918,127.333333333
11.599999918,127.333333333
12.674999918,127.333333333
13.5499999179,127.333333333
14.4499999179,127.333333333
15.4999999179,127.333333333
16.7249999179,127.333333333
18.2249999179,127.333333333
20.4249999178,127.333333333
9.04999992713,132.333333333
9.12499994652,137.333333333
9.1499999659,142.333333333
9.20000000467,152.333333333
10.0250000047,152.333333333
9.20000002406,157.333333333
10.3000000241,157.333333333
9.52500004346,162.333333333
10.8500000435,162.333333333
9.67500006285,167.333333333
9.90000008225,172.333333333
11.8500000824,172.333333333
9.95000010163,177.333333333
9.675000121,182.333333333
11.1000001211,182.333333333
10.0750001404,187.333333333
10.1250001598,192.333333333
10.6250001792,197.333333333
10.5000001986,202.333333333
10.725000218,207.333333333
11.0000002374,212.333333333
11.1750002568,217.333333333
11.0500002761,222.333333333
11.3500002955,227.333333333
11.5250003149,232.333333333
11.4500003343,237.333333333
11.5000003537,242.333333333
12.1000003731,247.333333333
12.0250003925,252.333333333
12.0250004119,257.333333333
12.4500004313,262.333333333
9.77500045051,267.333333333
12.3250004507,267.333333333
12.22500047,272.333333333
9.47500048926,277.333333333
12.4250004894,277.333333333
9.2000000001,7.66666666667
10.0250000001,7.66666666667
9.24999999988,12.6666666667
10.3999999999,12.6666666667
11.2999999999,12.6666666667
9.50000000055,17.6666666667
10.3000000006,17.6666666667
11.3000000006,17.6666666667
12.1500000006,17.6666666667
9.47500000176,22.6666666667
10.5500000018,22.6666666667
11.6000000018,22.6666666667
12.3500000018,22.6666666667
13.2250000018,22.6666666667
9.47500000297,27.6666666667
10.325000003,27.6666666667
11.500000003,27.6666666667
12.300000003,27.6666666667
13.200000003,27.6666666667
14.075000003,27.6666666667
9.32500000418,32.6666666667
10.6500000042,32.6666666667
11.4750000042,32.6666666667
12.4000000042,32.6666666667
13.3250000042,32.6666666667
14.3000000042,32.6666666667
15.2000000042,32.6666666667
9.42500000522,37.6666666667
10.5250000052,37.6666666667
11.4250000052,37.6666666667
12.5500000052,37.6666666667
13.3750000052,37.6666666667
14.4500000051,37.6666666667
15.3500000051,37.6666666667
16.4250000051,37.6666666667
9.57500000037,42.6666666667
10.6000000004,42.6666666667
11.4750000003,42.6666666667
12.4750000003,42.6666666667
13.5000000003,42.6666666667
14.5250000003,42.6666666667
15.3500000003,42.6666666667
16.3250000003,42.6666666667
9.44999999553,47.6666666667
10.5999999955,47.6666666667
11.5249999955,47.6666666667
12.6749999955,47.6666666667
13.6499999955,47.6666666667
14.5499999955,47.6666666667
15.3999999954,47.6666666667
16.3999999954,47.6666666667
17.4499999954,47.6666666667
9.52499999068,52.6666666667
10.5999999907,52.6666666667
11.4999999907,52.6666666667
12.4749999906,52.6666666667
13.3999999906,52.6666666667
14.4749999906,52.6666666667
15.6249999906,52.6666666667
16.6499999906,52.6666666667
17.5249999906,52.6666666667
18.7499999905,52.6666666667
9.47499998584,57.6666666667
10.6249999858,57.6666666667
11.4999999858,57.6666666667
12.4499999858,57.6666666667
13.7499999858,57.6666666667
14.5749999858,57.6666666667
15.3999999858,57.6666666667
16.5249999857,57.6666666667
18.0749999857,57.6666666667
19.3249999857,57.6666666667
9.44999998099,62.6666666667
10.549999981,62.6666666667
11.549999981,62.6666666667
12.4749999809,62.6666666667
13.5499999809,62.6666666667
14.4749999809,62.6666666667
15.4499999809,62.6666666667
16.3749999809,62.6666666667
18.3999999809,62.6666666667
19.6749999808,62.6666666667
20.8999999808,62.6666666667
9.64999997614,67.6666666667
10.5249999761,67.6666666667
11.5249999761,67.6666666667
12.6249999761,67.6666666667
13.6249999761,67.6666666667
14.5749999761,67.6666666667
15.6249999761,67.6666666667
16.624999976,67.6666666667
18.099999976,67.6666666667
20.399999976,67.6666666667
21.449999976,67.6666666667
9.4999999713,72.6666666667
10.4249999713,72.6666666667
11.7499999713,72.6666666667
12.6249999713,72.6666666667
13.5249999712,72.6666666667
14.3749999712,72.6666666667
15.7749999712,72.6666666667
16.8499999712,72.6666666667
18.4999999712,72.6666666667
21.9749999711,72.6666666667
9.59999996645,77.6666666667
10.6499999664,77.6666666667
11.6749999664,77.6666666667
12.7249999664,77.6666666667
13.7499999664,77.6666666667
14.6499999664,77.6666666667
15.5499999664,77.6666666667
16.9499999663,77.6666666667
18.5749999663,77.6666666667
22.4749999663,77.6666666667
9.8249999616,82.6666666667
10.6999999616,82.6666666667
11.5499999616,82.6666666667
12.6999999616,82.6666666667
13.6749999615,82.6666666667
14.4999999615,82.6666666667
15.4999999615,82.6666666667
17.0749999615,82.6666666667
19.1999999615,82.6666666667
24.5499999614,82.6666666667
9.77499995676,87.6666666667
10.5999999567,87.6666666667
11.4249999567,87.6666666667
12.6749999567,87.6666666667
13.7999999567,87.6666666667
14.6499999567,87.6666666667
15.4999999567,87.6666666667
16.8999999567,87.6666666667
9.54999995192,92.6666666667
10.3999999519,92.6666666667
11.4499999519,92.6666666667
12.5999999519,92.6666666667
13.4999999519,92.6666666667
14.5999999518,92.6666666667
15.6499999518,92.6666666667
16.6999999518,92.6666666667
9.47499994707,97.6666666667
10.7499999471,97.6666666667
11.549999947,97.6666666667
12.724999947,97.6666666667
13.599999947,97.6666666667
14.549999947,97.6666666667
15.549999947,97.6666666667
16.599999947,97.6666666667
19.0999999469,97.6666666667
9.62499994222,102.666666667
10.4749999422,102.666666667
11.7249999422,102.666666667
12.6499999422,102.666666667
13.5249999422,102.666666667
14.5999999422,102.666666667
15.5999999421,102.666666667
16.8499999421,102.666666667
18.6999999421,102.666666667
9.67499993738,107.666666667
10.6999999374,107.666666667
11.5749999374,107.666666667
12.4249999373,107.666666667
13.2999999373,107.666666667
14.5749999373,107.666666667
15.6499999373,107.666666667
16.5999999373,107.666666667
19.1999999372,107.666666667
9.59999993253,112.666666667
10.6249999325,112.666666667
11.5249999325,112.666666667
12.3749999325,112.666666667
13.3249999325,112.666666667
14.5749999325,112.666666667
15.3999999324,112.666666667
17.0249999324,112.666666667
18.5249999324,112.666666667
9.62499992769,117.666666667
10.6999999277,117.666666667
11.4999999277,117.666666667
12.5499999276,117.666666667
13.6499999276,117.666666667
14.4499999276,117.666666667
15.6999999276,117.666666667
16.9749999276,117.666666667
18.2499999276,117.666666667
9.54999992284,122.666666667
10.3999999228,122.666666667
11.4749999228,122.666666667
12.4499999228,122.666666667
13.3249999228,122.666666667
14.5999999228,122.666666667
15.8499999228,122.666666667
17.2999999227,122.666666667
18.5999999227,122.666666667
9.324999918,127.666666667
10.824999918,127.666666667
11.799999918,127.666666667
12.649999918,127.666666667
13.5749999179,127.666666667
14.6249999179,127.666666667
15.5249999179,127.666666667
16.5499999179,127.666666667
17.5999999179,127.666666667
9.09999992713,132.666666667
9.24999994653,137.666666667
8.89999996589,142.666666667
9.77499996594,142.666666667
9.07499998528,147.666666667
10.2749999854,147.666666667
9.17500000467,152.666666667
10.0500000047,152.666666667
9.32500002406,157.666666667
10.6000000241,157.666666667
9.52500004346,162.666666667
11.3000000436,162.666666667
9.40000006283,167.666666667
10.7750000629,167.666666667
9.87500008224,172.666666667
9.65000010161,177.666666667
11.2500001017,177.666666667
9.87500012101,182.666666667
10.2500001404,187.666666667
10.3000001598,192.666666667
10.4250001792,197.666666667
10.5250001986,202.666666667
11.100000218,207.666666667
10.7750002374,212.666666667
11.3250002568,217.666666667
11.1750002762,222.666666667
11.3750002955,227.666666667
11.6000003149,232.666666667
11.8750003343,237.666666667
11.8000003537,242.666666667
11.7000003731,247.666666667
12.1250003925,252.666666667
12.4000004119,257.666666667
12.0250004313,262.666666667
12.2750004507,267.666666667
12.7000004701,272.666666667
12.3500004894,277.666666667
8.9750000001,8.0
9.80000000011,8.0
9.59999999988,13.0
10.3999999999,13.0
11.2999999999,13.0
9.25000000055,18.0
10.3500000006,18.0
11.3500000006,18.0
12.2750000006,18.0
9.75000000176,23.0
10.5250000018,23.0
11.5000000018,23.0
12.4000000018,23.0
13.3000000018,23.0
9.40000000297,28.0
10.600000003,28.0
11.675000003,28.0
12.600000003,28.0
13.400000003,28.0
14.275000003,28.0
9.35000000418,33.0
10.3250000042,33.0
11.3500000042,33.0
12.5000000042,33.0
13.4250000042,33.0
14.4000000042,33.0
15.3000000042,33.0
9.45000000522,38.0
10.4000000052,38.0
11.6750000052,38.0
12.7500000052,38.0
13.5500000052,38.0
14.3250000052,38.0
15.2250000051,38.0
16.2750000051,38.0
9.65000000037,43.0
10.6000000004,43.0
11.4250000003,43.0
12.7250000003,43.0
13.5750000003,43.0
14.5000000003,43.0
15.4500000003,43.0
16.5250000003,43.0
9.49999999553,48.0
10.4499999955,48.0
11.4249999955,48.0
12.4999999955,48.0
13.6749999955,48.0
14.6749999955,48.0
15.4999999954,48.0
16.6749999954,48.0
17.6749999954,48.0
9.34999999069,53.0
10.7249999907,53.0
11.8249999906,53.0
12.6749999906,53.0
13.5999999906,53.0
14.5249999906,53.0
15.5749999906,53.0
16.5249999906,53.0
17.4249999906,53.0
18.3249999906,53.0
9.77499998583,58.0
10.6749999858,58.0
11.4749999858,58.0
12.6749999858,58.0
13.4749999858,58.0
14.4749999858,58.0
15.7999999857,58.0
16.9249999857,58.0
18.0749999857,58.0
19.6249999857,58.0
9.87499998099,63.0
10.774999981,63.0
11.649999981,63.0
12.4749999809,63.0
13.3999999809,63.0
14.2999999809,63.0
15.4499999809,63.0
16.5499999809,63.0
18.2749999809,63.0
19.7749999808,63.0
20.8749999808,63.0
9.49999997615,68.0
10.4249999761,68.0
11.4499999761,68.0
12.7499999761,68.0
13.7249999761,68.0
14.6249999761,68.0
15.7249999761,68.0
16.974999976,68.0
18.324999976,68.0
19.674999976,68.0
21.949999976,68.0
9.3249999713,73.0
10.7499999713,73.0
11.6249999713,73.0
12.6749999713,73.0
13.5499999712,73.0
14.7499999712,73.0
15.7999999712,73.0
16.8999999712,73.0
19.4749999712,73.0
21.3999999711,73.0
9.72499996645,78.0
10.6999999664,78.0
11.5499999664,78.0
12.5499999664,78.0
13.5499999664,78.0
14.4499999664,78.0
15.5999999664,78.0
16.7999999663,78.0
18.2999999663,78.0
19.6499999663,78.0
22.8499999663,78.0
9.74999996161,83.0
10.6499999616,83.0
11.7249999616,83.0
12.5499999616,83.0
13.6499999615,83.0
14.7249999615,83.0
15.5749999615,83.0
16.6249999615,83.0
18.1999999615,83.0
9.69999995676,88.0
10.6499999567,88.0
11.5249999567,88.0
12.3749999567,88.0
13.5749999567,88.0
14.4499999567,88.0
15.6999999567,88.0
16.7749999567,88.0
18.2749999566,88.0
19.6749999566,88.0
9.59999995192,93.0
10.6499999519,93.0
11.6499999519,93.0
12.4499999519,93.0
13.5499999519,93.0
14.3749999518,93.0
15.4999999518,93.0
16.8999999518,93.0
18.2499999518,93.0
9.57499994707,98.0
10.5249999471,98.0
11.724999947,98.0
12.524999947,98.0
13.574999947,98.0
14.674999947,98.0
15.674999947,98.0
16.749999947,98.0
18.9749999469,98.0
9.27499994223,103.0
10.3499999422,103.0
11.6999999422,103.0
12.7749999422,103.0
13.5749999422,103.0
14.3999999422,103.0
15.5749999421,103.0
16.9749999421,103.0
18.4999999421,103.0
9.49999993738,108.0
10.6249999374,108.0
11.5249999374,108.0
12.5249999373,108.0
13.6999999373,108.0
14.6499999373,108.0
15.5749999373,108.0
16.5749999373,108.0
17.8999999373,108.0
19.5249999372,108.0
9.59999993253,113.0
10.4249999325,113.0
11.6749999325,113.0
12.6999999325,113.0
13.7249999325,113.0
14.5749999325,113.0
15.8249999324,113.0
16.9499999324,113.0
19.3499999324,113.0
9.77499992768,118.0
10.7999999277,118.0
11.6749999277,118.0
12.5749999276,118.0
13.4249999276,118.0
14.5999999276,118.0
15.6499999276,118.0
16.7249999276,118.0
9.84999992284,123.0
10.7499999228,123.0
11.5999999228,123.0
12.6249999228,123.0
13.4499999228,123.0
14.3749999228,123.0
15.5749999228,123.0
16.5999999227,123.0
18.6249999227,123.0
9.574999918,128.0
10.774999918,128.0
11.599999918,128.0
12.574999918,128.0
13.7499999179,128.0
14.5749999179,128.0
15.4749999179,128.0
16.9499999179,128.0
18.9749999179,128.0
9.27499992714,133.0
9.29999994653,138.0
8.99999998528,148.0
9.89999998533,148.0
9.37500000468,153.0
10.7750000048,153.0
9.52500002407,158.0
10.8250000241,158.0
9.45000004345,163.0
10.6000000435,163.0
9.70000006285,168.0
11.0000000629,168.0
9.52500008222,173.0
10.7250000823,173.0
10.0250001016,178.0
9.97500012102,183.0
9.9250001404,188.0
10.0750001598,193.0
10.5500001792,198.0
10.4000001986,203.0
10.900000218,208.0
11.0000002374,213.0
10.8500002567,218.0
11.1000002761,223.0
11.4000002955,228.0
11.3500003149,233.0
11.3250003343,238.0
11.6750003537,243.0
11.7250003731,248.0
11.9500003925,253.0
11.9500004119,258.0
12.3000004313,263.0
12.5000004507,268.0
12.5750004701,273.0
9.32500048925,278.0
12.8000004895,278.0
9.0750000001,8.33333333333
9.95000000011,8.33333333333
9.32499999988,13.3333333333
10.3999999999,13.3333333333
11.3249999999,13.3333333333
9.52500000055,18.3333333333
10.6250000006,18.3333333333
11.3250000006,18.3333333333
12.2250000006,18.3333333333
9.45000000176,23.3333333333
10.3500000018,23.3333333333
11.3750000018,23.3333333333
12.3250000018,23.3333333333
13.2500000018,23.3333333333
9.75000000297,28.3333333333
10.725000003,28.3333333333
11.500000003,28.3333333333
12.500000003,28.3333333333
13.275000003,28.3333333333
14.175000003,28.3333333333
9.52500000418,33.3333333333
10.4250000042,33.3333333333
11.5750000042,33.3333333333
12.6250000042,33.3333333333
13.4000000042,33.3333333333
14.2500000042,33.3333333333
15.1250000042,33.3333333333
9.27500000522,38.3333333333
10.5250000052,38.3333333333
11.3500000052,38.3333333333
12.7250000052,38.3333333333
13.5750000052,38.3333333333
14.3750000052,38.3333333333
15.3500000051,38.3333333333
16.4250000051,38.3333333333
9.80000000037,43.3333333333
10.7750000004,43.3333333333
11.6000000003,43.3333333333
12.4250000003,43.3333333333
13.5500000003,43.3333333333
14.5000000003,43.3333333333
15.4250000003,43.3333333333
16.3750000003,43.3333333333
9.37499999553,48.3333333333
10.3499999955,48.3333333333
11.7499999955,48.3333333333
12.6499999955,48.3333333333
13.7249999955,48.3333333333
14.5249999955,48.3333333333
15.5499999954,48.3333333333
16.4999999954,48.3333333333
17.6999999954,48.3333333333
9.69999999068,53.3333333333
10.8499999907,53.3333333333
11.6999999907,53.3333333333
12.5499999906,53.3333333333
13.4999999906,53.3333333333
14.7499999906,53.3333333333
15.7499999906,53.3333333333
16.7749999906,53.3333333333
17.7249999906,53.3333333333
18.7499999905,53.3333333333
9.74999998583,58.3333333333
10.5999999858,58.3333333333
11.6499999858,58.3333333333
12.5249999858,58.3333333333
13.6249999858,58.3333333333
14.5749999858,58.3333333333
15.7499999857,58.3333333333
16.7499999857,58.3333333333
17.8999999857,58.3333333333
19.2499999857,58.3333333333
9.52499998099,63.3333333333
10.474999981,63.3333333333
11.649999981,63.3333333333
12.6999999809,63.3333333333
13.4999999809,63.3333333333
14.7249999809,63.3333333333
15.6499999809,63.3333333333
16.6999999809,63.3333333333
18.4249999809,63.3333333333
19.8999999808,63.3333333333
21.1999999808,63.3333333333
9.49999997615,68.3333333333
10.4499999761,68.3333333333
11.3999999761,68.3333333333
12.6499999761,68.3333333333
13.6999999761,68.3333333333
14.6999999761,68.3333333333
15.5499999761,68.3333333333
16.749999976,68.3333333333
18.274999976,68.3333333333
20.199999976,68.3333333333
21.674999976,68.3333333333
9.6499999713,73.3333333333
10.6249999713,73.3333333333
11.6499999713,73.3333333333
12.4749999713,73.3333333333
13.7499999712,73.3333333333
14.5749999712,73.3333333333
15.5499999712,73.3333333333
16.4999999712,73.3333333333
18.2499999712,73.3333333333
20.6249999711,73.3333333333
23.1249999711,73.3333333333
9.54999996645,78.3333333333
10.5999999664,78.3333333333
11.5249999664,78.3333333333
12.6249999664,78.3333333333
13.4749999664,78.3333333333
14.3749999664,78.3333333333
15.3999999664,78.3333333333
16.7999999663,78.3333333333
18.7749999663,78.3333333333
23.5999999662,78.3333333333
9.74999996161,83.3333333333
10.6249999616,83.3333333333
11.5249999616,83.3333333333
12.6749999616,83.3333333333
13.5249999616,83.3333333333
14.7249999615,83.3333333333
15.5999999615,83.3333333333
16.8499999615,83.3333333333
9.39999995676,88.3333333333
10.3999999568,88.3333333333
11.8249999567,88.3333333333
12.6999999567,88.3333333333
13.5749999567,88.3333333333
14.5999999567,88.3333333333
15.4999999567,88.3333333333
16.4999999567,88.3333333333
18.3499999566,88.3333333333
25.9499999565,88.3333333333
9.87499995191,93.3333333333
10.8249999519,93.3333333333
11.6499999519,93.3333333333
12.7499999519,93.3333333333
13.6499999519,93.3333333333
14.5999999518,93.3333333333
15.7499999518,93.3333333333
16.7999999518,93.3333333333
19.0499999518,93.3333333333
9.69999994707,98.3333333333
10.5749999471,98.3333333333
11.749999947,98.3333333333
12.599999947,98.3333333333
13.724999947,98.3333333333
14.674999947,98.3333333333
15.499999947,98.3333333333
16.599999947,98.3333333333
17.8999999469,98.3333333333
20.7999999469,98.3333333333
9.67499994222,103.333333333
10.7499999422,103.333333333
11.5749999422,103.333333333
12.4249999422,103.333333333
13.3249999422,103.333333333
14.3499999422,103.333333333
15.4999999421,103.333333333
16.6249999421,103.333333333
18.6499999421,103.333333333
9.64999993738,108.333333333
10.7749999374,108.333333333
11.6249999373,108.333333333
12.6249999373,108.333333333
13.4999999373,108.333333333
14.3499999373,108.333333333
15.3249999373,108.333333333
16.4999999373,108.333333333
18.1749999373,108.333333333
9.42499993254,113.333333333
10.6749999325,113.333333333
11.7249999325,113.333333333
12.5999999325,113.333333333
13.5999999325,113.333333333
14.4749999325,113.333333333
15.7749999324,113.333333333
16.9249999324,113.333333333
18.4999999324,113.333333333
9.34999992769,118.333333333
10.5999999277,118.333333333
11.4499999277,118.333333333
12.4749999276,118.333333333
13.4499999276,118.333333333
14.5249999276,118.333333333
15.3749999276,118.333333333
16.4499999276,118.333333333
17.7249999276,118.333333333
9.52499992284,123.333333333
10.6249999228,123.333333333
11.5749999228,123.333333333
12.6749999228,123.333333333
13.6249999228,123.333333333
14.5749999228,123.333333333
15.4499999228,123.333333333
16.5249999227,123.333333333
18.5749999227,123.333333333
9.274999918,128.333333333
10.474999918,128.333333333
11.524999918,128.333333333
12.449999918,128.333333333
13.7249999179,128.333333333
14.5749999179,128.333333333
15.5749999179,128.333333333
16.6499999179,128.333333333
18.8749999179,128.333333333
21.7499999178,128.333333333
9.17499992714,133.333333333
9.12499994652,138.333333333
9.27499996591,143.333333333
8.97499998528,148.333333333
9.87499998533,148.333333333
9.00000000466,153.333333333
9.82500000471,153.333333333
9.32500002406,158.333333333
10.7250000241,158.333333333
9.70000004347,163.333333333
11.1500000436,163.333333333
9.60000006284,168.333333333
9.72500008224,173.333333333
11.3000000823,173.333333333
9.85000010163,178.333333333
11.3250001017,178.333333333
10.225000121,183.333333333
10.0750001404,188.333333333
10.4000001598,193.333333333
10.6250001792,198.333333333
10.5250001986,203.333333333
11.000000218,208.333333333
10.7500002374,213.333333333
10.9500002568,218.333333333
10.9250002761,223.333333333
11.4250002955,228.333333333
11.3250003149,233.333333333
11.7750003343,238.333333333
11.5750003537,243.333333333
11.6750003731,248.333333333
12.1500003925,253.333333333
11.9000004119,258.333333333
12.3000004313,263.333333333
12.4000004507,268.333333333
12.5500004701,273.333333333
12.6500004894,278.333333333
9.0500000001,8.66666666667
9.87500000011,8.66666666667
9.54999999988,13.6666666667
10.3249999999,13.6666666667
11.2249999999,13.6666666667
9.50000000055,18.6666666667
10.4500000006,18.6666666667
11.4250000006,18.6666666667
12.3500000006,18.6666666667
9.70000000176,23.6666666667
10.5250000018,23.6666666667
11.3000000018,23.6666666667
12.2000000018,23.6666666667
13.0750000018,23.6666666667
9.52500000297,28.6666666667
10.500000003,28.6666666667
11.475000003,28.6666666667
12.600000003,28.6666666667
13.450000003,28.6666666667
14.350000003,28.6666666667
9.47500000418,33.6666666667
10.4500000042,33.6666666667
11.5250000042,33.6666666667
12.3750000042,33.6666666667
13.5000000042,33.6666666667
14.2500000042,33.6666666667
15.1500000042,33.6666666667
9.67500000522,38.6666666667
10.7500000052,38.6666666667
11.7000000052,38.6666666667
12.5000000052,38.6666666667
13.4250000052,38.6666666667
14.3750000052,38.6666666667
15.2500000051,38.6666666667
16.3250000051,38.6666666667
9.37500000038,43.6666666667
10.3500000004,43.6666666667
11.4250000003,43.6666666667
12.4750000003,43.6666666667
13.7750000003,43.6666666667
14.5750000003,43.6666666667
15.5500000003,43.6666666667
16.3750000003,43.6666666667
9.37499999553,48.6666666667
10.4249999955,48.6666666667
11.6499999955,48.6666666667
12.7499999955,48.6666666667
13.5749999955,48.6666666667
14.5749999955,48.6666666667
15.6999999954,48.6666666667
16.6749999954,48.6666666667
17.6499999954,48.6666666667
9.69999999068,53.6666666667
10.5999999907,53.6666666667
11.5749999907,53.6666666667
12.7249999906,53.6666666667
13.5499999906,53.6666666667
14.6249999906,53.6666666667
15.5499999906,53.6666666667
16.5249999906,53.6666666667
17.6999999906,53.6666666667
18.5999999906,53.6666666667
9.72499998583,58.6666666667
10.7999999858,58.6666666667
11.6499999858,58.6666666667
12.6499999858,58.6666666667
13.5999999858,58.6666666667
14.6999999858,58.6666666667
15.7249999857,58.6666666667
16.9499999857,58.6666666667
18.2749999857,58.6666666667
19.6249999857,58.6666666667
9.34999998099,63.6666666667
10.349999981,63.6666666667
11.374999981,63.6666666667
12.6249999809,63.6666666667
13.7749999809,63.6666666667
14.6249999809,63.6666666667
15.4749999809,63.6666666667
16.5499999809,63.6666666667
19.0499999809,63.6666666667
20.8499999808,63.6666666667
9.74999997614,68.6666666667
10.6249999761,68.6666666667
11.4749999761,68.6666666667
12.5499999761,68.6666666667
13.6249999761,68.6666666667
14.5749999761,68.6666666667
15.4999999761,68.6666666667
17.049999976,68.6666666667
18.824999976,68.6666666667
20.699999976,68.6666666667
21.924999976,68.6666666667
9.8499999713,73.6666666667
10.7249999713,73.6666666667
11.5249999713,73.6666666667
12.4749999713,73.6666666667
13.5749999712,73.6666666667
14.5749999712,73.6666666667
15.5499999712,73.6666666667
16.9999999712,73.6666666667
19.8749999711,73.6666666667
22.0249999711,73.6666666667
9.34999996646,78.6666666667
10.7499999664,78.6666666667
11.6999999664,78.6666666667
12.7499999664,78.6666666667
13.7499999664,78.6666666667
14.7249999664,78.6666666667
15.7999999664,78.6666666667
16.9249999663,78.6666666667
18.6749999663,78.6666666667
22.4499999663,78.6666666667
9.54999996161,83.6666666667
10.7499999616,83.6666666667
11.5999999616,83.6666666667
12.4999999616,83.6666666667
13.5749999616,83.6666666667
14.5999999615,83.6666666667
15.6249999615,83.6666666667
16.6999999615,83.6666666667
18.3499999615,83.6666666667
20.5499999614,83.6666666667
24.8999999614,83.6666666667
9.47499995676,88.6666666667
10.5749999567,88.6666666667
11.6499999567,88.6666666667
12.6749999567,88.6666666667
13.5249999567,88.6666666667
14.5249999567,88.6666666667
15.6499999567,88.6666666667
16.8249999567,88.6666666667
18.2999999566,88.6666666667
26.1999999565,88.6666666667
9.32499995192,93.6666666667
10.4749999519,93.6666666667
11.5249999519,93.6666666667
12.4499999519,93.6666666667
13.5999999519,93.6666666667
14.6499999518,93.6666666667
15.6749999518,93.6666666667
16.6999999518,93.6666666667
9.82499994707,98.6666666667
10.7249999471,98.6666666667
11.749999947,98.6666666667
12.599999947,98.6666666667
13.724999947,98.6666666667
14.574999947,98.6666666667
15.774999947,98.6666666667
16.999999947,98.6666666667
18.2999999469,98.6666666667
20.5249999469,98.6666666667
9.42499994223,103.666666667
10.4249999422,103.666666667
11.6999999422,103.666666667
12.5999999422,103.666666667
13.4749999422,103.666666667
14.4749999422,103.666666667
15.5249999421,103.666666667
16.6999999421,103.666666667
18.2999999421,103.666666667
9.57499993738,108.666666667
10.4499999374,108.666666667
11.4499999374,108.666666667
12.4999999373,108.666666667
13.3499999373,108.666666667
14.5499999373,108.666666667
15.7749999373,108.666666667
17.0499999373,108.666666667
19.5999999372,108.666666667
9.64999993253,113.666666667
10.7749999325,113.666666667
11.6249999325,113.666666667
12.6999999325,113.666666667
13.6499999325,113.666666667
14.5499999325,113.666666667
15.3749999324,113.666666667
16.4749999324,113.666666667
18.0999999324,113.666666667
9.72499992769,118.666666667
10.7499999277,118.666666667
11.5749999277,118.666666667
12.5749999276,118.666666667
13.4749999276,118.666666667
14.4999999276,118.666666667
15.7249999276,118.666666667
16.7499999276,118.666666667
18.1999999276,118.666666667
9.34999992285,123.666666667
10.3499999228,123.666666667
11.5749999228,123.666666667
12.5999999228,123.666666667
13.6249999228,123.666666667
14.4499999228,123.666666667
15.7999999228,123.666666667
16.9999999227,123.666666667
18.6499999227,123.666666667
9.474999918,128.666666667
10.499999918,128.666666667
11.574999918,128.666666667
12.549999918,128.666666667
13.4249999179,128.666666667
14.4249999179,128.666666667
15.6749999179,128.666666667
16.6499999179,128.666666667
9.22499992714,133.666666667
9.19999994652,138.666666667
8.89999996589,143.666666667
9.77499996594,143.666666667
8.99999998528,148.666666667
10.1249999853,148.666666667
9.20000000467,153.666666667
10.3000000047,153.666666667
9.52500002407,158.666666667
10.8500000242,158.666666667
9.37500004345,163.666666667
10.6750000435,163.666666667
9.62500006285,168.666666667
11.0750000629,168.666666667
9.57500008223,173.666666667
9.72500010162,178.666666667
9.700000121,183.666666667
11.0250001211,183.666666667
9.9250001404,188.666666667
10.0750001598,193.666666667
10.8500001792,198.666666667
10.5750001986,203.666666667
10.825000218,208.666666667
10.8000002374,213.666666667
11.1250002568,218.666666667
11.1000002761,223.666666667
11.4750002956,228.666666667
11.2750003149,233.666666667
11.5250003343,238.666666667
11.9250003537,243.666666667
11.8750003731,248.666666667
12.1750003925,253.666666667
12.3000004119,258.666666667
12.1750004313,263.666666667
12.3500004507,268.666666667
12.37500047,273.666666667
9.55000048927,278.666666667
12.3750004894,278.666666667
9.1250000001,9.0
10.0000000001,9.0
9.22499999988,14.0
10.3249999999,14.0
11.1999999999,14.0
9.32500000055,19.0
10.5250000006,19.0
11.3250000006,19.0
12.2000000006,19.0
9.50000000176,24.0
10.4250000018,24.0
11.4500000018,24.0
12.2250000018,24.0
13.1000000018,24.0
9.52500000297,29.0
10.625000003,29.0
11.450000003,29.0
12.400000003,29.0
13.350000003,29.0
14.250000003,29.0
9.60000000418,34.0
10.6000000042,34.0
11.7000000042,34.0
12.5750000042,34.0
13.4000000042,34.0
14.2000000042,34.0
15.0500000042,34.0
9.70000000522,39.0
10.6000000052,39.0
11.7250000052,39.0
12.6000000052,39.0
13.4750000052,39.0
14.4500000051,39.0
15.2250000051,39.0
16.2500000051,39.0
9.55000000037,44.0
10.5250000004,44.0
11.4000000003,44.0
12.7500000003,44.0
13.6000000003,44.0
14.7000000003,44.0
15.5750000003,44.0
16.5500000003,44.0
9.57499999553,49.0
10.7749999955,49.0
11.6749999955,49.0
12.6999999955,49.0
13.6999999955,49.0
14.5249999955,49.0
15.4249999954,49.0
16.6749999954,49.0
17.6749999954,49.0
9.39999999069,54.0
10.6499999907,54.0
11.7999999907,54.0
12.6499999906,54.0
13.5749999906,54.0
14.3999999906,54.0
15.3249999906,54.0
16.6499999906,54.0
17.6249999906,54.0
18.6249999906,54.0
9.29999998584,59.0
10.4249999858,59.0
11.8249999858,59.0
12.6749999858,59.0
13.6999999858,59.0
14.6249999858,59.0
15.7749999857,59.0
16.7999999857,59.0
17.9249999857,59.0
19.2999999857,59.0
9.47499998099,64.0
10.649999981,64.0
11.699999981,64.0
12.6999999809,64.0
13.5999999809,64.0
14.7249999809,64.0
15.5749999809,64.0
16.6499999809,64.0
18.5249999809,64.0
19.5999999808,64.0
20.7749999808,64.0
9.49999997615,69.0
10.6499999761,69.0
11.4749999761,69.0
12.3249999761,69.0
13.5999999761,69.0
14.5999999761,69.0
15.6999999761,69.0
16.924999976,69.0
18.674999976,69.0
21.049999976,69.0
9.4249999713,74.0
10.7249999713,74.0
11.6749999713,74.0
12.7249999713,74.0
13.6749999712,74.0
14.6999999712,74.0
15.7749999712,74.0
16.7499999712,74.0
18.5249999712,74.0
21.7499999711,74.0
9.29999996646,79.0
10.6249999664,79.0
11.5499999664,79.0
12.5249999664,79.0
13.3749999664,79.0
14.4499999664,79.0
15.2999999664,79.0
16.7499999663,79.0
19.7499999663,79.0
22.8499999663,79.0
9.72499996161,84.0
10.7499999616,84.0
11.5499999616,84.0
12.3749999616,84.0
13.6499999615,84.0
14.5249999615,84.0
15.6499999615,84.0
16.6499999615,84.0
18.8499999615,84.0
23.6249999614,84.0
9.34999995677,89.0
10.6499999567,89.0
11.4749999567,89.0
12.6499999567,89.0
13.4999999567,89.0
14.4499999567,89.0
15.8499999567,89.0
17.0249999567,89.0
9.72499995191,94.0
10.5999999519,94.0
11.4249999519,94.0
12.7249999519,94.0
13.6249999519,94.0
14.4999999518,94.0
15.3749999518,94.0
16.8749999518,94.0
20.3999999518,94.0
9.64999994707,99.0
10.4999999471,99.0
11.624999947,99.0
12.624999947,99.0
13.474999947,99.0
14.349999947,99.0
15.674999947,99.0
16.674999947,99.0
18.7249999469,99.0
9.54999994223,104.0
10.6749999422,104.0
11.5499999422,104.0
12.4499999422,104.0
13.7249999422,104.0
14.6749999422,104.0
15.6499999421,104.0
16.7999999421,104.0
18.1999999421,104.0
21.949999942,104.0
9.39999993738,109.0
10.6749999374,109.0
11.4999999374,109.0
12.5249999373,109.0
13.6499999373,109.0
14.6749999373,109.0
15.5749999373,109.0
16.5749999373,109.0
18.1999999373,109.0
9.49999993253,114.0
10.6999999325,114.0
11.6499999325,114.0
12.4249999325,114.0
13.3249999325,114.0
14.4499999325,114.0
15.7749999324,114.0
16.9749999324,114.0
18.6249999324,114.0
9.42499992769,119.0
10.7499999277,119.0
11.7249999277,119.0
12.5249999276,119.0
13.3749999276,119.0
14.5999999276,119.0
15.5499999276,119.0
16.7749999276,119.0
18.2499999276,119.0
9.44999992284,124.0
10.7249999228,124.0
11.7249999228,124.0
12.5499999228,124.0
13.6249999228,124.0
14.4999999228,124.0
15.4999999228,124.0
16.8999999227,124.0
18.6999999227,124.0
9.74999991799,129.0
10.599999918,129.0
11.749999918,129.0
12.599999918,129.0
13.6749999179,129.0
14.6499999179,129.0
15.7749999179,129.0
16.7749999179,129.0
18.3249999179,129.0
20.5749999178,129.0
9.02499992713,134.0
9.19999994652,139.0
9.0499999659,144.0
10.149999966,144.0
8.99999998528,149.0
9.84999998533,149.0
9.37500000468,154.0
10.6000000048,154.0
9.57500002408,159.0
10.7750000241,159.0
9.62500004346,164.0
11.1500000436,164.0
9.77500006285,169.0
9.82500008224,174.0
11.2500000823,174.0
10.0500001016,179.0
9.750000121,184.0
11.4500001211,184.0
9.87500014039,189.0
11.3500001405,189.0
10.4750001598,194.0
10.4250001792,199.0
10.7250001986,204.0
10.925000218,209.0
10.9000002374,214.0
11.0250002568,219.0
11.3500002762,224.0
11.3500002955,229.0
11.6000003149,234.0
11.6000003343,239.0
11.8750003537,244.0
12.1500003731,249.0
11.8500003925,254.0
11.9750004119,259.0
12.2750004313,264.0
12.3000004507,269.0
12.6250004701,274.0
12.4250004894,279.0
9.1250000001,9.33333333333
9.92500000011,9.33333333333
12.0000000001,9.33333333333
9.24999999988,14.3333333333
10.3249999999,14.3333333333
11.1749999999,14.3333333333
9.30000000055,19.3333333333
10.6000000006,19.3333333333
11.5500000006,19.3333333333
12.4750000006,19.3333333333
9.72500000176,24.3333333333
10.5000000018,24.3333333333
11.5250000018,24.3333333333
12.2750000018,24.3333333333
13.1500000018,24.3333333333
9.67500000297,29.3333333333
10.575000003,29.3333333333
11.675000003,29.3333333333
12.400000003,29.3333333333
13.350000003,29.3333333333
14.225000003,29.3333333333
9.60000000418,34.3333333333
10.4750000042,34.3333333333
11.6500000042,34.3333333333
12.7000000042,34.3333333333
13.5500000042,34.3333333333
14.3000000042,34.3333333333
15.1500000042,34.3333333333
9.40000000522,39.3333333333
10.4250000052,39.3333333333
11.7250000052,39.3333333333
12.6000000052,39.3333333333
13.6250000052,39.3333333333
14.3250000052,39.3333333333
15.2000000051,39.3333333333
16.2000000051,39.3333333333
9.45000000038,44.3333333333
10.4500000004,44.3333333333
11.7000000003,44.3333333333
12.6250000003,44.3333333333
13.6250000003,44.3333333333
14.5500000003,44.3333333333
15.3500000003,44.3333333333
16.2500000003,44.3333333333
9.54999999553,49.3333333333
10.5499999955,49.3333333333
11.6249999955,49.3333333333
12.5749999955,49.3333333333
13.6999999955,49.3333333333
14.5499999955,49.3333333333
15.6499999954,49.3333333333
16.6999999954,49.3333333333
17.5749999954,49.3333333333
9.57499999068,54.3333333333
10.6499999907,54.3333333333
11.4749999907,54.3333333333
12.3749999906,54.3333333333
13.5999999906,54.3333333333
14.4749999906,54.3333333333
15.3749999906,54.3333333333
16.4749999906,54.3333333333
17.7749999906,54.3333333333
18.7999999905,54.3333333333
9.44999998584,59.3333333333
10.7999999858,59.3333333333
11.6499999858,59.3333333333
12.7749999858,59.3333333333
13.6249999858,59.3333333333
14.5999999858,59.3333333333
15.5249999858,59.3333333333
16.4499999857,59.3333333333
17.6249999857,59.3333333333
18.6499999857,59.3333333333
19.7499999857,59.3333333333
9.44999998099,64.3333333333
10.649999981,64.3333333333
11.599999981,64.3333333333
12.4999999809,64.3333333333
13.7749999809,64.3333333333
14.6499999809,64.3333333333
15.7249999809,64.3333333333
16.9999999809,64.3333333333
18.4999999809,64.3333333333
19.9499999808,64.3333333333
9.42499997615,69.3333333333
10.6999999761,69.3333333333
11.6999999761,69.3333333333
12.6499999761,69.3333333333
13.6499999761,69.3333333333
14.4999999761,69.3333333333
15.4499999761,69.3333333333
16.699999976,69.3333333333
18.624999976,69.3333333333
20.649999976,69.3333333333
21.949999976,69.3333333333
9.4249999713,74.3333333333
10.5499999713,74.3333333333
11.7749999713,74.3333333333
12.6999999713,74.3333333333
13.6749999712,74.3333333333
14.5749999712,74.3333333333
15.5249999712,74.3333333333
16.7749999712,74.3333333333
18.5249999712,74.3333333333
21.2999999711,74.3333333333
22.8499999711,74.3333333333
9.37499996646,79.3333333333
10.4999999664,79.3333333333
11.3999999664,79.3333333333
12.3499999664,79.3333333333
13.3749999664,79.3333333333
14.6999999664,79.3333333333
15.6999999664,79.3333333333
16.8999999663,79.3333333333
18.4999999663,79.3333333333
21.4499999663,79.3333333333
9.32499996161,84.3333333333
10.3499999616,84.3333333333
11.6499999616,84.3333333333
12.6499999616,84.3333333333
13.6249999615,84.3333333333
14.6749999615,84.3333333333
15.7249999615,84.3333333333
16.8499999615,84.3333333333
18.6999999615,84.3333333333
23.6499999614,84.3333333333
9.59999995676,89.3333333333
10.5749999567,89.3333333333
11.4749999567,89.3333333333
12.5499999567,89.3333333333
13.5249999567,89.3333333333
14.4999999567,89.3333333333
15.7749999567,89.3333333333
16.8749999567,89.3333333333
19.3249999566,89.3333333333
9.67499995192,94.3333333333
10.6499999519,94.3333333333
11.7499999519,94.3333333333
12.5749999519,94.3333333333
13.7749999519,94.3333333333
14.6499999518,94.3333333333
15.5999999518,94.3333333333
16.8999999518,94.3333333333
9.74999994707,99.3333333333
10.5749999471,99.3333333333
11.449999947,99.3333333333
12.474999947,99.3333333333
13.524999947,99.3333333333
14.599999947,99.3333333333
15.799999947,99.3333333333
16.899999947,99.3333333333
18.6249999469,99.3333333333
9.57499994223,104.333333333
10.7999999422,104.333333333
11.7249999422,104.333333333
12.6749999422,104.333333333
13.6249999422,104.333333333
14.5999999422,104.333333333
15.4749999421,104.333333333
16.7499999421,104.333333333
18.4749999421,104.333333333
20.4249999421,104.333333333
9.67499993738,109.333333333
10.5249999374,109.333333333
11.6999999373,109.333333333
12.5999999373,109.333333333
13.4249999373,109.333333333
14.6499999373,109.333333333
15.6749999373,109.333333333
16.9749999373,109.333333333
18.5749999372,109.333333333
9.72499993253,114.333333333
10.7749999325,114.333333333
11.6249999325,114.333333333
12.6999999325,114.333333333
13.4999999325,114.333333333
14.3749999325,114.333333333
15.6999999324,114.333333333
16.9999999324,114.333333333
18.5249999324,114.333333333
9.62499992769,119.333333333
10.4749999277,119.333333333
11.6749999277,119.333333333
12.6749999276,119.333333333
13.5249999276,119.333333333
14.5749999276,119.333333333
15.4749999276,119.333333333
16.3999999276,119.333333333
18.8249999276,119.333333333
9.59999992284,124.333333333
10.4999999228,124.333333333
11.5249999228,124.333333333
12.5999999228,124.333333333
13.5249999228,124.333333333
14.5999999228,124.333333333
15.5999999228,124.333333333
16.8749999227,124.333333333
18.7749999227,124.333333333
20.4249999227,124.333333333
9.74999991799,129.333333333
10.699999918,129.333333333
11.624999918,129.333333333
12.724999918,129.333333333
13.7749999179,129.333333333
14.5999999179,129.333333333
15.5999999179,129.333333333
16.6499999179,129.333333333
18.0499999179,129.333333333
20.2999999178,129.333333333
9.32499992715,134.333333333
9.02499994651,139.333333333
9.27499996591,144.333333333
9.15000000467,154.333333333
10.3500000047,154.333333333
9.25000002406,159.333333333
10.4500000241,159.333333333
9.67500004347,164.333333333
11.4000000436,164.333333333
9.77500006285,169.333333333
9.67500008223,174.333333333
10.9500000823,174.333333333
9.95000010163,179.333333333
9.90000012101,184.333333333
9.9250001404,189.333333333
11.5500001405,189.333333333
10.0500001598,194.333333333
10.5750001792,199.333333333
10.7750001986,204.333333333
10.675000218,209.333333333
10.6500002374,214.333333333
10.8500002567,219.333333333
11.2250002762,224.333333333
11.2750002955,229.333333333
11.4000003149,234.333333333
11.5750003343,239.333333333
11.6750003537,244.333333333
12.0500003731,249.333333333
12.1750003925,254.333333333
12.2250004119,259.333333333
12.0500004313,264.333333333
12.2250004507,269.333333333
12.37500047,274.333333333
9.45000048926,279.333333333
12.4750004894,279.333333333
9.0750000001,9.66666666667
9.95000000011,9.66666666667
9.17499999988,14.6666666667
10.3749999999,14.6666666667
11.2999999999,14.6666666667
9.37500000055,19.6666666667
10.4250000006,19.6666666667
11.2250000006,19.6666666667
12.1000000006,19.6666666667
9.32500000176,24.6666666667
10.6000000018,24.6666666667
11.6000000018,24.6666666667
12.3750000018,24.6666666667
13.2500000018,24.6666666667
9.42500000297,29.6666666667
10.825000003,29.6666666667
11.650000003,29.6666666667
12.600000003,29.6666666667
13.475000003,29.6666666667
14.350000003,29.6666666667
9.55000000418,34.6666666667
10.5500000042,34.6666666667
11.5250000042,34.6666666667
12.6500000042,34.6666666667
13.4750000042,34.6666666667
14.4750000042,34.6666666667
15.3750000042,34.6666666667
9.30000000522,39.6666666667
10.6500000052,39.6666666667
11.5750000052,39.6666666667
12.5750000052,39.6666666667
13.4250000052,39.6666666667
14.3500000052,39.6666666667
15.2500000051,39.6666666667
16.3250000051,39.6666666667
9.40000000038,44.6666666667
10.7250000004,44.6666666667
11.5500000003,44.6666666667
12.5500000003,44.6666666667
13.5000000003,44.6666666667
14.3500000003,44.6666666667
15.2250000003,44.6666666667
16.5250000003,44.6666666667
9.52499999553,49.6666666667
10.3999999955,49.6666666667
11.5499999955,49.6666666667
12.6749999955,49.6666666667
13.5749999955,49.6666666667
14.4499999955,49.6666666667
15.5999999954,49.6666666667
16.4249999954,49.6666666667
17.3999999954,49.6666666667
9.47499999068,54.6666666667
10.6999999907,54.6666666667
11.5999999907,54.6666666667
12.4499999906,54.6666666667
13.5499999906,54.6666666667
14.5499999906,54.6666666667
15.6999999906,54.6666666667
16.6499999906,54.6666666667
17.8249999906,54.6666666667
18.7499999905,54.6666666667
9.54999998584,59.6666666667
10.3749999858,59.6666666667
11.4249999858,59.6666666667
12.3249999858,59.6666666667
13.3499999858,59.6666666667
14.3499999858,59.6666666667
15.7749999857,59.6666666667
16.9249999857,59.6666666667
18.6999999857,59.6666666667
19.6499999857,59.6666666667
9.44999998099,64.6666666667
10.749999981,64.6666666667
11.524999981,64.6666666667
12.3999999809,64.6666666667
13.3749999809,64.6666666667
14.5249999809,64.6666666667
15.6249999809,64.6666666667
16.9249999809,64.6666666667
18.4749999809,64.6666666667
19.7249999808,64.6666666667
20.9499999808,64.6666666667
9.74999997614,69.6666666667
10.6749999761,69.6666666667
11.5749999761,69.6666666667
12.3999999761,69.6666666667
13.3499999761,69.6666666667
14.7249999761,69.6666666667
15.8749999761,69.6666666667
17.049999976,69.6666666667
19.274999976,69.6666666667
20.649999976,69.6666666667
22.049999976,69.6666666667
9.3749999713,74.6666666667
10.8499999713,74.6666666667
11.7249999713,74.6666666667
12.6999999713,74.6666666667
13.5499999712,74.6666666667
14.5249999712,74.6666666667
15.4749999712,74.6666666667
17.0249999712,74.6666666667
18.6499999712,74.6666666667
20.4249999711,74.6666666667
9.64999996645,79.6666666667
10.5499999664,79.6666666667
11.5999999664,79.6666666667
12.4999999664,79.6666666667
13.3499999664,79.6666666667
14.5999999664,79.6666666667
15.6249999664,79.6666666667
16.5749999664,79.6666666667
18.5499999663,79.6666666667
23.4749999663,79.6666666667
9.8499999616,84.6666666667
10.7499999616,84.6666666667
11.6249999616,84.6666666667
12.4249999616,84.6666666667
13.4249999616,84.6666666667
14.3249999615,84.6666666667
15.8749999615,84.6666666667
17.0749999615,84.6666666667
19.3749999615,84.6666666667
9.74999995676,89.6666666667
10.7749999567,89.6666666667
11.6249999567,89.6666666667
12.6249999567,89.6666666667
13.4999999567,89.6666666667
14.6249999567,89.6666666667
15.5249999567,89.6666666667
16.6499999567,89.6666666667
18.7749999566,89.6666666667
20.6499999566,89.6666666667
9.92499995191,94.6666666667
10.8499999519,94.6666666667
11.8249999519,94.6666666667
12.6749999519,94.6666666667
13.5749999519,94.6666666667
14.3499999518,94.6666666667
15.6499999518,94.6666666667
17.0749999518,94.6666666667
18.2999999518,94.6666666667
21.6499999517,94.6666666667
9.52499994707,99.6666666667
10.4999999471,99.6666666667
11.599999947,99.6666666667
12.749999947,99.6666666667
13.724999947,99.6666666667
14.549999947,99.6666666667
15.349999947,99.6666666667
16.549999947,99.6666666667
18.5999999469,99.6666666667
21.5499999469,99.6666666667
9.37499994223,104.666666667
10.8249999422,104.666666667
11.7749999422,104.666666667
12.6999999422,104.666666667
13.4999999422,104.666666667
14.6999999422,104.666666667
15.7499999421,104.666666667
16.8749999421,104.666666667
18.8249999421,104.666666667
9.69999993738,109.666666667
10.5999999374,109.666666667
11.7249999373,109.666666667
12.7249999373,109.666666667
13.5249999373,109.666666667
14.6999999373,109.666666667
15.5749999373,109.666666667
17.0749999373,109.666666667
18.5999999372,109.666666667
20.4749999372,109.666666667
9.52499993253,114.666666667
10.6249999325,114.666666667
11.6499999325,114.666666667
12.7499999325,114.666666667
13.5999999325,114.666666667
14.5749999325,114.666666667
15.7999999324,114.666666667
16.8749999324,114.666666667
19.1499999324,114.666666667
20.7749999324,114.666666667
9.49999992769,119.666666667
10.6749999277,119.666666667
11.5249999277,119.666666667
12.5499999276,119.666666667
13.5499999276,119.666666667
14.4749999276,119.666666667
15.3999999276,119.666666667
16.5499999276,119.666666667
21.4499999275,119.666666667
9.69999992284,124.666666667
10.5999999228,124.666666667
11.5499999228,124.666666667
12.7499999228,124.666666667
13.7999999228,124.666666667
14.7749999228,124.666666667
15.6249999228,124.666666667
16.5999999227,124.666666667
18.2249999227,124.666666667
9.524999918,129.666666667
10.674999918,129.666666667
11.524999918,129.666666667
12.374999918,129.666666667
13.6999999179,129.666666667
14.7999999179,129.666666667
15.8499999179,129.666666667
17.1499999179,129.666666667
18.6749999179,129.666666667
9.29999992715,134.666666667
9.24999994653,139.666666667
9.0999999659,144.666666667
10.249999966,144.666666667
9.15000000467,154.666666667
10.3500000047,154.666666667
9.35000002406,159.666666667
10.4500000241,159.666666667
9.45000004345,164.666666667
10.9250000435,164.666666667
9.45000006284,169.666666667
10.7250000629,169.666666667
9.72500008224,174.666666667
11.0500000823,174.666666667
10.0750001016,179.666666667
10.075000121,184.666666667
9.9250001404,189.666666667
10.2000001598,194.666666667
10.5000001792,199.666666667
10.8250001986,204.666666667
11.025000218,209.666666667
10.9000002374,214.666666667
11.2750002568,219.666666667
10.9750002761,224.666666667
11.3750002955,229.666666667
11.4500003149,234.666666667
11.5500003343,239.666666667
11.5750003537,244.666666667
11.8250003731,249.666666667
12.1250003925,254.666666667
12.0000004119,259.666666667
12.2250004313,264.666666667
12.2000004507,269.666666667
12.4500004701,274.666666667
12.7250004895,279.666666667
