9.3750000001,5.0
10.4750000001,5.0
9.39999999988,10.0
10.4749999999,10.0
11.9749999999,10.0
9.55000000055,15.0
10.7750000006,15.0
11.5750000006,15.0
13.0750000006,15.0
9.47500000176,20.0
10.5750000018,20.0
11.5750000018,20.0
12.4250000018,20.0
9.60000000297,25.0
11.325000003,25.0
12.400000003,25.0
13.400000003,25.0
14.825000003,25.0
10.4500000042,30.0
11.9000000042,30.0
13.0500000042,30.0
14.0000000042,30.0
14.8500000042,30.0
10.2500000052,35.0
12.2000000052,35.0
13.8500000052,35.0
14.7500000051,35.0
15.7000000051,35.0
10.8750000004,40.0
12.4500000003,40.0
14.0500000003,40.0
15.3000000003,40.0
17.0750000003,40.0
9.47499999553,45.0
11.0499999955,45.0
13.0999999955,45.0
14.4249999955,45.0
16.8249999954,45.0
9.97499999068,50.0
11.5999999907,50.0
12.6249999906,50.0
14.5999999906,50.0
16.6749999906,50.0
9.97499998583,55.0
11.3749999858,55.0
12.8499999858,55.0
14.2999999858,55.0
16.6749999857,55.0
9.64999998099,60.0
11.524999981,60.0
13.3999999809,60.0
14.7749999809,60.0
10.1749999761,65.0
11.4999999761,65.0
12.8999999761,65.0
16.274999976,65.0
10.5999999713,70.0
11.8999999713,70.0
13.4999999712,70.0
14.7499999712,70.0
9.69999996645,75.0
11.4749999664,75.0
12.8499999664,75.0
14.7999999664,75.0
9.69999996161,80.0
11.1249999616,80.0
12.4999999616,80.0
14.4499999615,80.0
10.9749999567,85.0
12.4749999567,85.0
13.9249999567,85.0
15.6249999567,85.0
9.97499995191,90.0
12.2749999519,90.0
13.6249999519,90.0
15.1499999518,90.0
10.3249999471,95.0
11.499999947,95.0
12.899999947,95.0
14.699999947,95.0
9.77499994222,100.0
11.1749999422,100.0
13.1499999422,100.0
9.74999993738,105.0
11.1249999374,105.0
12.5249999373,105.0
14.3249999373,105.0
9.54999993253,110.0
10.6999999325,110.0
13.0749999325,110.0
14.2999999325,110.0
10.3499999277,115.0
11.9499999277,115.0
14.4999999276,115.0
10.3249999228,120.0
11.6749999228,120.0
13.6749999228,120.0
9.649999918,125.0
11.599999918,125.0
13.0999999179,125.0
14.9249999179,125.0
9.84999992718,130.0
9.94999994657,135.0
9.97499996595,140.0
9.17499998529,145.0
10.2499999853,145.0
9.42500002407,155.0
9.42500004345,160.0
9.70000006285,165.0
10.0750000823,170.0
10.1250001016,175.0
10.300000121,180.0
10.4250001404,185.0
10.5750001598,190.0
10.6750001792,195.0
11.4250001986,200.0
11.475000218,205.0
11.2750002568,215.0
9.1750000001,5.33333333333
10.2000000001,5.33333333333
9.32499999988,10.3333333333
10.5499999999,10.3333333333
11.7749999999,10.3333333333
9.87500000055,15.3333333333
10.7250000006,15.3333333333
11.6000000006,15.3333333333
9.80000000176,20.3333333333
10.9000000018,20.3333333333
11.8250000018,20.3333333333
12.6000000018,20.3333333333
10.525000003,25.3333333333
11.550000003,25.3333333333
12.500000003,25.3333333333
13.425000003,25.3333333333
9.87500000418,30.3333333333
11.8500000042,30.3333333333
12.9250000042,30.3333333333
13.8250000042,30.3333333333
14.6000000042,30.3333333333
9.85000000522,35.3333333333
11.3750000052,35.3333333333
13.1500000052,35.3333333333
14.3500000052,35.3333333333
15.5250000051,35.3333333333
10.4000000004,40.3333333333
11.5000000003,40.3333333333
13.8750000003,40.3333333333
14.9750000003,40.3333333333
16.3500000003,40.3333333333
9.62499999553,45.3333333333
11.1499999955,45.3333333333
13.3749999955,45.3333333333
14.9999999954,45.3333333333
18.4249999954,45.3333333333
10.2999999907,50.3333333333
11.5499999907,50.3333333333
13.2499999906,50.3333333333
14.6749999906,50.3333333333
9.57499998584,55.3333333333
10.7999999858,55.3333333333
12.2999999858,55.3333333333
13.5249999858,55.3333333333
15.3749999858,55.3333333333
10.499999981,60.3333333333
11.724999981,60.3333333333
13.6249999809,60.3333333333
15.2249999809,60.3333333333
9.49999997615,65.3333333333
10.7749999761,65.3333333333
12.7249999761,65.3333333333
14.6999999761,65.3333333333
9.8249999713,70.3333333333
11.4249999713,70.3333333333
12.6499999713,70.3333333333
14.8999999712,70.3333333333
10.0249999664,75.3333333333
11.5249999664,75.3333333333
13.3499999664,75.3333333333
14.4499999664,75.3333333333
10.8249999616,80.3333333333
12.2249999616,80.3333333333
13.4749999616,80.3333333333
15.6749999615,80.3333333333
9.64999995676,85.3333333333
10.8499999567,85.3333333333
12.4749999567,85.3333333333
14.1999999567,85.3333333333
9.47499995192,90.3333333333
11.0999999519,90.3333333333
12.9999999519,90.3333333333
14.2999999518,90.3333333333
9.59999994707,95.3333333333
11.224999947,95.3333333333
12.724999947,95.3333333333
14.874999947,95.3333333333
10.3999999422,100.333333333
11.5499999422,100.333333333
12.6999999422,100.333333333
14.9499999421,100.333333333
9.62499993738,105.333333333
10.7749999374,105.333333333
12.7999999373,105.333333333
14.8499999373,105.333333333
10.3249999325,110.333333333
11.6749999325,110.333333333
13.0999999325,110.333333333
14.5749999325,110.333333333
9.94999992768,115.333333333
11.6999999277,115.333333333
13.7249999276,115.333333333
15.2499999276,115.333333333
10.0499999228,120.333333333
11.7749999228,120.333333333
12.9499999228,120.333333333
14.8499999228,120.333333333
10.224999918,125.333333333
11.449999918,125.333333333
12.8749999179,125.333333333
14.4499999179,125.333333333
9.84999992718,130.333333333
9.84999994656,135.333333333
9.82499996594,140.333333333
9.3999999853,145.333333333
9.95000000472,150.333333333
9.70000002408,155.333333333
9.90000004348,160.333333333
10.0500000629,165.333333333
10.0500000823,170.333333333
10.2000001016,175.333333333
10.050000121,180.333333333
10.3750001404,185.333333333
10.7250001598,190.333333333
11.2000001792,195.333333333
10.5000001986,200.333333333
9.3000000001,5.66666666667
10.4000000001,5.66666666667
9.54999999988,10.6666666667
10.4249999999,10.6666666667
11.6249999999,10.6666666667
10.0000000005,15.6666666667
10.8500000006,15.6666666667
11.6000000006,15.6666666667
13.4500000006,15.6666666667
9.72500000176,20.6666666667
10.8250000018,20.6666666667
11.6750000018,20.6666666667
12.5750000018,20.6666666667
9.65000000297,25.6666666667
10.675000003,25.6666666667
11.950000003,25.6666666667
12.875000003,25.6666666667
13.775000003,25.6666666667
9.60000000418,30.6666666667
11.3250000042,30.6666666667
12.4750000042,30.6666666667
13.7500000042,30.6666666667
14.6250000042,30.6666666667
10.5250000052,35.6666666667
11.5500000052,35.6666666667
12.7750000052,35.6666666667
14.0250000052,35.6666666667
15.1000000051,35.6666666667
10.2250000004,40.6666666667
12.2000000003,40.6666666667
14.2250000003,40.6666666667
15.5000000003,40.6666666667
16.6750000003,40.6666666667
10.1499999955,45.6666666667
11.8249999955,45.6666666667
13.4249999955,45.6666666667
15.0249999954,45.6666666667
17.1999999954,45.6666666667
10.1999999907,50.6666666667
11.3249999907,50.6666666667
13.0499999906,50.6666666667
14.9249999906,50.6666666667
9.72499998583,55.6666666667
11.5999999858,55.6666666667
12.8249999858,55.6666666667
14.2249999858,55.6666666667
10.324999981,60.6666666667
12.324999981,60.6666666667
13.6999999809,60.6666666667
9.44999997615,65.6666666667
10.6499999761,65.6666666667
12.7249999761,65.6666666667
14.6999999761,65.6666666667
9.8249999713,70.6666666667
11.9749999713,70.6666666667
14.0499999712,70.6666666667
9.92499996645,75.6666666667
11.5499999664,75.6666666667
12.5499999664,75.6666666667
14.3499999664,75.6666666667
10.4999999616,80.6666666667
11.8499999616,80.6666666667
13.2499999616,80.6666666667
9.54999995676,85.6666666667
10.8999999567,85.6666666667
13.4499999567,85.6666666667
14.9749999567,85.6666666667
10.9499999519,90.6666666667
13.0249999519,90.6666666667
14.7749999518,90.6666666667
9.49999994707,95.6666666667
10.7249999471,95.6666666667
13.624999947,95.6666666667
14.699999947,95.6666666667
9.77499994222,100.666666667
11.3999999422,100.666666667
13.2499999422,100.666666667
10.3249999374,105.666666667
12.1249999373,105.666666667
13.3749999373,105.666666667
14.7249999373,105.666666667
10.3499999325,110.666666667
11.6749999325,110.666666667
13.2499999325,110.666666667
15.4499999324,110.666666667
10.8499999277,115.666666667
12.7499999276,115.666666667
15.2999999276,115.666666667
9.94999992284,120.666666667
11.4999999228,120.666666667
13.7999999228,120.666666667
16.3499999227,120.666666667
10.349999918,125.666666667
11.524999918,125.666666667
13.2499999179,125.666666667
14.5999999179,125.666666667
9.82499992718,130.666666667
9.0999999659,140.666666667
10.149999966,140.666666667
9.94999998533,145.666666667
9.55000002408,155.666666667
9.72500004347,160.666666667
9.62500006285,165.666666667
9.77500008224,170.666666667
10.0250001016,175.666666667
10.050000121,180.666666667
10.4250001404,185.666666667
10.2750001598,190.666666667
10.4000001792,195.666666667
11.1250001986,200.666666667
9.4500000001,6.0
10.6500000001,6.0
9.72499999988,11.0
10.5999999999,11.0
12.0499999999,11.0
9.62500000055,16.0
10.4500000006,16.0
11.3250000006,16.0
12.8000000006,16.0
10.0250000018,21.0
11.2500000018,21.0
12.4500000018,21.0
13.7750000018,21.0
9.75000000297,26.0
11.300000003,26.0
12.300000003,26.0
13.225000003,26.0
14.475000003,26.0
10.4500000042,31.0
11.7000000042,31.0
12.7000000042,31.0
13.6750000042,31.0
14.6000000042,31.0
9.50000000522,36.0
10.7750000052,36.0
12.7000000052,36.0
13.8000000052,36.0
14.8000000051,36.0
15.7000000051,36.0
10.2250000004,41.0
11.3250000003,41.0
12.9250000003,41.0
14.4750000003,41.0
15.7750000003,41.0
17.0000000003,41.0
9.97499999552,46.0
11.4749999955,46.0
13.8999999955,46.0
15.2749999954,46.0
16.8749999954,46.0
9.74999999068,51.0
11.4499999907,51.0
12.7499999906,51.0
14.3499999906,51.0
16.6749999906,51.0
10.2499999858,56.0
11.9499999858,56.0
13.4499999858,56.0
10.624999981,61.0
11.749999981,61.0
13.6249999809,61.0
14.9499999809,61.0
10.3749999761,66.0
11.6749999761,66.0
13.7499999761,66.0
15.2999999761,66.0
10.3999999713,71.0
12.1249999713,71.0
13.6249999712,71.0
9.72499996645,76.0
11.2999999664,76.0
13.0499999664,76.0
15.3999999664,76.0
9.62499996161,81.0
11.9749999616,81.0
13.5749999616,81.0
15.3999999615,81.0
9.67499995676,86.0
11.2249999567,86.0
13.2999999567,86.0
15.7749999567,86.0
9.44999995192,91.0
11.4249999519,91.0
12.7999999519,91.0
14.8249999518,91.0
9.92499994707,96.0
12.249999947,96.0
13.724999947,96.0
15.224999947,96.0
10.6749999422,101.0
12.0249999422,101.0
13.7249999422,101.0
10.1749999374,106.0
11.4999999374,106.0
12.7249999373,106.0
15.1999999373,106.0
10.0499999325,111.0
11.2249999325,111.0
12.6249999325,111.0
14.6749999325,111.0
10.3499999277,116.0
12.1749999276,116.0
13.3999999276,116.0
15.1999999276,116.0
10.3999999228,121.0
11.8249999228,121.0
13.8249999228,121.0
9.82499991799,126.0
11.499999918,126.0
12.9999999179,126.0
9.92499992718,131.0
9.84999994656,136.0
9.97499998533,146.0
9.32500002406,156.0
9.62500004346,161.0
9.60000006284,166.0
10.2000000823,171.0
10.2500001016,176.0
10.275000121,181.0
10.3750001404,186.0
10.3750001598,191.0
10.7000001792,196.0
11.3500001986,201.0
11.050000218,206.0
11.1000002374,211.0
9.3750000001,6.33333333333
10.5500000001,6.33333333333
9.72499999988,11.3333333333
10.4999999999,11.3333333333
11.6499999999,11.3333333333
9.85000000055,16.3333333333
10.6750000006,16.3333333333
11.5500000006,16.3333333333
13.0000000006,16.3333333333
9.97500000176,21.3333333333
11.0500000018,21.3333333333
11.9250000018,21.3333333333
12.6750000018,21.3333333333
9.60000000297,26.3333333333
11.150000003,26.3333333333
12.250000003,26.3333333333
13.400000003,26.3333333333
15.350000003,26.3333333333
10.0000000042,31.3333333333
11.3750000042,31.3333333333
12.5000000042,31.3333333333
13.7500000042,31.3333333333
14.5250000042,31.3333333333
10.5000000052,36.3333333333
11.6250000052,36.3333333333
13.6000000052,36.3333333333
14.6000000051,36.3333333333
15.6500000051,36.3333333333
10.1500000004,41.3333333333
12.1000000003,41.3333333333
13.4750000003,41.3333333333
14.8750000003,41.3333333333
16.0000000003,41.3333333333
10.5249999955,46.3333333333
11.5999999955,46.3333333333
13.0749999955,46.3333333333
15.5749999954,46.3333333333
18.1249999954,46.3333333333
9.57499999068,51.3333333333
11.0749999907,51.3333333333
12.5499999906,51.3333333333
14.3249999906,51.3333333333
10.3249999858,56.3333333333
11.4999999858,56.3333333333
13.0749999858,56.3333333333
14.5499999858,56.3333333333
10.449999981,61.3333333333
12.249999981,61.3333333333
13.3999999809,61.3333333333
10.1249999761,66.3333333333
12.0999999761,66.3333333333
13.5749999761,66.3333333333
10.7249999713,71.3333333333
11.7999999713,71.3333333333
13.4999999712,71.3333333333
14.5999999712,71.3333333333
9.59999996645,76.3333333333
10.8749999664,76.3333333333
12.4749999664,76.3333333333
13.6499999664,76.3333333333
10.0249999616,81.3333333333
11.4499999616,81.3333333333
12.9999999616,81.3333333333
14.9499999615,81.3333333333
10.3249999568,86.3333333333
12.0499999567,86.3333333333
13.5249999567,86.3333333333
15.3249999567,86.3333333333
10.6749999519,91.3333333333
11.7499999519,91.3333333333
13.3999999519,91.3333333333
14.6999999518,91.3333333333
9.49999994707,96.3333333333
11.199999947,96.3333333333
12.424999947,96.3333333333
14.349999947,96.3333333333
9.77499994222,101.333333333
11.5249999422,101.333333333
13.0249999422,101.333333333
15.1499999421,101.333333333
10.0499999374,106.333333333
11.4249999374,106.333333333
12.6499999373,106.333333333
15.2749999373,106.333333333
10.3999999325,111.333333333
11.5999999325,111.333333333
13.3499999325,111.333333333
10.4499999277,116.333333333
12.0749999277,116.333333333
13.5249999276,116.333333333
10.3499999228,121.333333333
12.1749999228,121.333333333
13.3249999228,121.333333333
9.624999918,126.333333333
10.924999918,126.333333333
12.8249999179,126.333333333
14.3499999179,126.333333333
9.92499994656,136.333333333
9.82499996594,141.333333333
9.84999998533,146.333333333
9.35000000468,151.333333333
9.47500002407,156.333333333
9.42500004345,161.333333333
9.77500006285,166.333333333
10.1250000823,171.333333333
9.75000010162,176.333333333
10.225000121,181.333333333
10.2750001404,186.333333333
10.4000001598,191.333333333
10.7750001792,196.333333333
11.3500001986,201.333333333
11.150000218,206.333333333
11.1250002374,211.333333333
9.3500000001,6.66666666667
10.4750000001,6.66666666667
9.59999999988,11.6666666667
10.5499999999,11.6666666667
11.7499999999,11.6666666667
9.77500000055,16.6666666667
10.6250000006,16.6666666667
11.4000000006,16.6666666667
12.9000000006,16.6666666667
9.82500000176,21.6666666667
10.9750000018,21.6666666667
11.8500000018,21.6666666667
12.7250000018,21.6666666667
9.57500000297,26.6666666667
10.625000003,26.6666666667
12.050000003,26.6666666667
13.000000003,26.6666666667
13.825000003,26.6666666667
9.80000000418,31.6666666667
11.3750000042,31.6666666667
12.5500000042,31.6666666667
13.4750000042,31.6666666667
14.5500000042,31.6666666667
9.42500000522,36.6666666667
11.1000000052,36.6666666667
13.2250000052,36.6666666667
14.3750000052,36.6666666667
15.6750000051,36.6666666667
9.95000000037,41.6666666667
11.9000000003,41.6666666667
13.4000000003,41.6666666667
14.5250000003,41.6666666667
15.9750000003,41.6666666667
10.7749999955,46.6666666667
12.3749999955,46.6666666667
13.9999999955,46.6666666667
16.6749999954,46.6666666667
10.0999999907,51.6666666667
11.3249999907,51.6666666667
12.8749999906,51.6666666667
14.5749999906,51.6666666667
17.4499999906,51.6666666667
9.49999998584,56.6666666667
10.7249999858,56.6666666667
12.2499999858,56.6666666667
13.8749999858,56.6666666667
15.4749999858,56.6666666667
9.97499998099,61.6666666667
11.649999981,61.6666666667
13.2249999809,61.6666666667
14.4749999809,61.6666666667
10.0499999761,66.6666666667
11.5249999761,66.6666666667
12.5999999761,66.6666666667
14.8999999761,66.6666666667
10.3249999713,71.6666666667
12.1249999713,71.6666666667
13.5249999712,71.6666666667
15.1499999712,71.6666666667
9.84999996645,76.6666666667
11.3499999664,76.6666666667
12.6749999664,76.6666666667
9.64999996161,81.6666666667
10.8249999616,81.6666666667
12.5499999616,81.6666666667
13.6249999615,81.6666666667
10.5749999567,86.6666666667
12.0499999567,86.6666666667
13.4999999567,86.6666666667
9.84999995191,91.6666666667
11.3749999519,91.6666666667
13.3249999519,91.6666666667
14.4999999518,91.6666666667
10.6999999471,96.6666666667
11.899999947,96.6666666667
14.649999947,96.6666666667
10.9999999422,101.666666667
12.2249999422,101.666666667
13.7499999422,101.666666667
10.1749999374,106.666666667
11.7999999373,106.666666667
13.2499999373,106.666666667
14.7499999373,106.666666667
9.74999993253,111.666666667
11.8999999325,111.666666667
13.8499999325,111.666666667
9.47499992769,116.666666667
10.7499999277,116.666666667
13.3499999276,116.666666667
14.6249999276,116.666666667
10.1249999228,121.666666667
11.7499999228,121.666666667
13.2499999228,121.666666667
15.5999999228,121.666666667
10.699999918,126.666666667
11.849999918,126.666666667
13.3249999179,126.666666667
16.5749999179,126.666666667
9.82499992718,131.666666667
9.89999994656,136.666666667
10.649999966,141.666666667
9.35000000468,151.666666667
9.42500002407,156.666666667
9.60000004346,161.666666667
9.80000006286,166.666666667
9.95000008225,171.666666667
9.90000010163,176.666666667
9.97500012102,181.666666667
10.1500001404,186.666666667
10.5000001598,191.666666667
10.4500001792,196.666666667
10.925000218,206.666666667
9.1500000001,7.0
10.2250000001,7.0
9.64999999988,12.0
10.4249999999,12.0
11.6749999999,12.0
9.67500000055,17.0
10.5000000006,17.0
11.4500000006,17.0
12.7500000006,17.0
10.2500000018,22.0
11.3500000018,22.0
12.2250000018,22.0
13.4750000018,22.0
10.550000003,27.0
11.500000003,27.0
12.650000003,27.0
13.600000003,27.0
9.67500000418,32.0
11.5500000042,32.0
12.4750000042,32.0
13.4500000042,32.0
14.4250000042,32.0
9.92500000521,37.0
11.8250000052,37.0
13.5500000052,37.0
14.6750000051,37.0
15.7750000051,37.0
9.62500000037,42.0
11.7000000003,42.0
13.0750000003,42.0
14.7500000003,42.0
15.7750000003,42.0
9.74999999553,47.0
11.6249999955,47.0
13.1249999955,47.0
15.1499999954,47.0
17.0249999954,47.0
9.59999999068,52.0
11.2499999907,52.0
12.6999999906,52.0
14.2249999906,52.0
10.6249999858,57.0
12.0999999858,57.0
14.2249999858,57.0
9.72499998099,62.0
12.199999981,62.0
14.1499999809,62.0
10.2499999761,67.0
11.7499999761,67.0
12.9249999761,67.0
14.7999999761,67.0
9.7249999713,72.0
11.0999999713,72.0
12.7249999713,72.0
16.0499999712,72.0
10.6249999664,77.0
11.8499999664,77.0
14.5499999664,77.0
9.69999996161,82.0
11.1249999616,82.0
13.6499999615,82.0
15.2249999615,82.0
10.4749999567,87.0
11.8749999567,87.0
13.5749999567,87.0
15.5749999567,87.0
10.7749999519,92.0
12.1249999519,92.0
14.1499999519,92.0
9.39999994707,97.0
11.024999947,97.0
12.699999947,97.0
14.399999947,97.0
9.67499994222,102.0
11.0999999422,102.0
12.3249999422,102.0
15.0249999421,102.0
9.94999993737,107.0
11.3249999374,107.0
13.2999999373,107.0
14.8249999373,107.0
9.57499993253,112.0
10.8749999325,112.0
13.5999999325,112.0
14.9999999325,112.0
10.2749999277,117.0
12.2499999276,117.0
13.4499999276,117.0
10.7249999228,122.0
12.0249999228,122.0
13.7499999228,122.0
9.92499991799,127.0
12.124999918,127.0
13.7499999179,127.0
15.3749999179,127.0
9.82499992718,132.0
9.99999994657,137.0
9.92499996595,142.0
9.89999998533,147.0
9.25000000467,152.0
9.47500002407,157.0
9.72500004347,162.0
9.55000006284,167.0
9.87500008224,172.0
10.1250001016,177.0
10.350000121,182.0
10.1250001404,187.0
10.6000001598,192.0
11.4000001792,197.0
11.4250001986,202.0
11.650000218,207.0
9.4750000001,7.33333333333
10.5250000001,7.33333333333
9.37499999988,12.3333333333
10.5999999999,12.3333333333
12.0499999999,12.3333333333
9.70000000055,17.3333333333
10.7250000006,17.3333333333
11.6250000006,17.3333333333
13.3500000006,17.3333333333
10.1750000018,22.3333333333
11.3250000018,22.3333333333
12.3000000018,22.3333333333
13.4000000018,22.3333333333
10.225000003,27.3333333333
11.750000003,27.3333333333
12.675000003,27.3333333333
13.450000003,27.3333333333
9.85000000418,32.3333333333
11.6500000042,32.3333333333
12.7250000042,32.3333333333
13.6250000042,32.3333333333
14.6250000042,32.3333333333
10.8750000052,37.3333333333
12.3250000052,37.3333333333
13.4500000052,37.3333333333
14.4500000051,37.3333333333
15.3750000051,37.3333333333
10.5000000004,42.3333333333
11.7250000003,42.3333333333
13.4250000003,42.3333333333
14.6250000003,42.3333333333
16.0250000003,42.3333333333
10.7249999955,47.3333333333
12.1499999955,47.3333333333
13.6499999955,47.3333333333
16.1249999954,47.3333333333
10.1249999907,52.3333333333
11.3999999907,52.3333333333
13.1249999906,52.3333333333
14.9749999906,52.3333333333
18.3999999906,52.3333333333
9.44999998584,57.3333333333
10.6499999858,57.3333333333
12.5749999858,57.3333333333
14.2499999858,57.3333333333
10.099999981,62.3333333333
11.674999981,62.3333333333
13.7749999809,62.3333333333
9.44999997615,67.3333333333
11.9499999761,67.3333333333
14.0249999761,67.3333333333
15.5249999761,67.3333333333
10.8249999713,72.3333333333
12.2249999713,72.3333333333
13.6249999712,72.3333333333
15.2999999712,72.3333333333
9.89999996645,77.3333333333
11.4749999664,77.3333333333
12.9999999664,77.3333333333
14.2999999664,77.3333333333
9.67499996161,82.3333333333
11.2249999616,82.3333333333
12.3249999616,82.3333333333
14.2999999615,82.3333333333
9.54999995676,87.3333333333
11.5999999567,87.3333333333
13.0249999567,87.3333333333
14.7249999567,87.3333333333
9.64999995192,92.3333333333
11.7499999519,92.3333333333
13.2999999519,92.3333333333
14.7249999518,92.3333333333
9.77499994707,97.3333333333
11.149999947,97.3333333333
12.549999947,97.3333333333
14.224999947,97.3333333333
10.1249999422,102.333333333
11.9499999422,102.333333333
13.8499999422,102.333333333
15.2749999421,102.333333333
9.54999993738,107.333333333
10.7499999374,107.333333333
12.2749999373,107.333333333
14.9499999373,107.333333333
9.84999993253,112.333333333
11.4249999325,112.333333333
13.0499999325,112.333333333
14.6499999325,112.333333333
10.2249999277,117.333333333
11.6749999277,117.333333333
13.3749999276,117.333333333
9.59999992284,122.333333333
11.7499999228,122.333333333
13.2749999228,122.333333333
15.2749999228,122.333333333
10.374999918,127.333333333
12.099999918,127.333333333
13.7499999179,127.333333333
9.84999992718,132.333333333
9.74999994655,137.333333333
9.1249999659,142.333333333
9.89999998533,147.333333333
9.27500000468,152.333333333
9.27500002406,157.333333333
9.70000004347,162.333333333
9.72500006285,167.333333333
9.85000008224,172.333333333
10.0500001016,177.333333333
10.375000121,182.333333333
10.3500001404,187.333333333
10.4000001598,192.333333333
10.5750001792,197.333333333
9.3250000001,7.66666666667
10.4500000001,7.66666666667
9.42499999988,12.6666666667
10.5499999999,12.6666666667
11.7999999999,12.6666666667
9.90000000055,17.6666666667
10.7250000006,17.6666666667
11.6750000006,17.6666666667
13.5250000006,17.6666666667
9.65000000176,22.6666666667
10.9000000018,22.6666666667
11.7750000018,22.6666666667
12.6750000018,22.6666666667
10.225000003,27.6666666667
11.925000003,27.6666666667
12.825000003,27.6666666667
13.775000003,27.6666666667
10.4750000042,32.6666666667
12.0250000042,32.6666666667
13.1750000042,32.6666666667
14.2250000042,32.6666666667
15.2750000042,32.6666666667
9.77500000522,37.6666666667
11.0750000052,37.6666666667
12.6500000052,37.6666666667
13.7500000052,37.6666666667
14.7250000051,37.6666666667
15.6750000051,37.6666666667
9.57500000037,42.6666666667
11.4500000003,42.6666666667
13.5250000003,42.6666666667
14.4750000003,42.6666666667
15.5250000003,42.6666666667
17.0750000003,42.6666666667
10.2249999955,47.6666666667
11.7999999955,47.6666666667
13.2999999955,47.6666666667
14.4749999955,47.6666666667
16.5499999954,47.6666666667
9.87499999068,52.6666666667
12.0999999906,52.6666666667
14.2499999906,52.6666666667
18.9999999905,52.6666666667
10.0249999858,57.6666666667
11.7749999858,57.6666666667
14.3249999858,57.6666666667
16.5499999857,57.6666666667
9.49999998099,62.6666666667
10.699999981,62.6666666667
12.4999999809,62.6666666667
14.9249999809,62.6666666667
10.1999999761,67.6666666667
11.3499999761,67.6666666667
13.4499999761,67.6666666667
15.4499999761,67.6666666667
9.4749999713,72.6666666667
11.0999999713,72.6666666667
12.8499999713,72.6666666667
14.4249999712,72.6666666667
9.49999996646,77.6666666667
11.1749999664,77.6666666667
12.6249999664,77.6666666667
9.59999996161,82.6666666667
10.9499999616,82.6666666667
12.8499999616,82.6666666667
14.2749999615,82.6666666667
10.2999999568,87.6666666667
12.2999999567,87.6666666667
13.3749999567,87.6666666667
15.4499999567,87.6666666667
9.74999995191,92.6666666667
11.4249999519,92.6666666667
12.7749999519,92.6666666667
14.4249999518,92.6666666667
10.2749999471,97.6666666667
11.874999947,97.6666666667
14.149999947,97.6666666667
15.649999947,97.6666666667
9.87499994222,102.666666667
11.4999999422,102.666666667
12.8499999422,102.666666667
9.42499993738,107.666666667
10.8749999374,107.666666667
12.2249999373,107.666666667
13.5999999373,107.666666667
9.64999993253,112.666666667
10.8499999325,112.666666667
12.4249999325,112.666666667
13.7749999325,112.666666667
9.94999992768,117.666666667
11.8249999277,117.666666667
13.5249999276,117.666666667
15.0499999276,117.666666667
10.7749999228,122.666666667
12.1499999228,122.666666667
14.0749999228,122.666666667
10.399999918,127.666666667
11.524999918,127.666666667
13.5499999179,127.666666667
15.2249999179,127.666666667
9.77499992717,132.666666667
9.87499994656,137.666666667
9.14999998529,147.666666667
10.2249999853,147.666666667
9.45000000469,152.666666667
9.45000002407,157.666666667
9.67500004347,162.666666667
10.0000000629,167.666666667
9.65000008223,172.666666667
10.0750001016,177.666666667
10.025000121,182.666666667
10.1750001404,187.666666667
10.7250001598,192.666666667
10.2750001792,197.666666667
11.3500001986,202.666666667
11.375000218,207.666666667
9.2500000001,8.0
10.3750000001,8.0
9.27499999988,13.0
10.5749999999,13.0
12.0499999999,13.0
9.65000000055,18.0
10.7500000006,18.0
11.5250000006,18.0
13.1750000006,18.0
10.5000000018,23.0
11.6250000018,23.0
12.5750000018,23.0
14.0250000018,23.0
10.300000003,28.0
11.650000003,28.0
12.450000003,28.0
13.600000003,28.0
9.80000000418,33.0
11.3000000042,33.0
12.4750000042,33.0
13.6250000042,33.0
14.4500000042,33.0
9.75000000522,38.0
11.4750000052,38.0
12.7500000052,38.0
13.8750000052,38.0
14.9000000051,38.0
15.8750000051,38.0
10.4000000004,43.0
11.8250000003,43.0
13.7000000003,43.0
14.8000000003,43.0
15.9750000003,43.0
10.0999999955,48.0
11.8749999955,48.0
13.3749999955,48.0
15.4749999954,48.0
17.3249999954,48.0
9.87499999068,53.0
11.1999999907,53.0
12.7749999906,53.0
15.2499999906,53.0
18.5999999906,53.0
9.59999998584,58.0
10.9999999858,58.0
12.8499999858,58.0
14.5499999858,58.0
9.59999998099,63.0
11.549999981,63.0
13.4749999809,63.0
14.8249999809,63.0
9.82499997614,68.0
11.3499999761,68.0
13.1999999761,68.0
15.0999999761,68.0
9.92499997129,73.0
11.6249999713,73.0
12.8499999713,73.0
14.5249999712,73.0
10.2749999664,78.0
11.8249999664,78.0
13.3499999664,78.0
10.2999999616,83.0
11.6499999616,83.0
13.5749999616,83.0
10.3249999568,88.0
11.4999999567,88.0
13.4249999567,88.0
15.6999999567,88.0
9.64999995192,93.0
11.1999999519,93.0
12.5249999519,93.0
13.5249999519,93.0
15.1999999518,93.0
9.97499994707,98.0
11.899999947,98.0
13.449999947,98.0
14.974999947,98.0
10.0999999422,103.0
11.6499999422,103.0
12.9749999422,103.0
14.7999999421,103.0
10.3499999374,108.0
11.4999999374,108.0
13.2999999373,108.0
14.9249999373,108.0
10.0499999325,113.0
11.8999999325,113.0
13.6249999325,113.0
9.69999992769,118.0
11.4999999277,118.0
13.1749999276,118.0
14.8249999276,118.0
9.69999992284,123.0
11.5999999228,123.0
13.1249999228,123.0
14.4749999228,123.0
10.299999918,128.0
11.449999918,128.0
13.6999999179,128.0
15.3249999179,128.0
9.97499992718,133.0
9.82499994656,138.0
9.92499996595,143.0
9.97499998533,148.0
9.25000002406,158.0
9.55000004346,163.0
9.67500006285,168.0
9.65000008223,173.0
10.2750001017,178.0
9.85000012101,183.0
10.1000001404,188.0
10.5750001598,193.0
10.7750001792,198.0
10.5500001986,203.0
9.4750000001,8.33333333333
10.5250000001,8.33333333333
9.64999999988,13.3333333333
10.5999999999,13.3333333333
11.8999999999,13.3333333333
9.50000000055,18.3333333333
10.7500000006,18.3333333333
11.5250000006,18.3333333333
13.4000000006,18.3333333333
10.0500000018,23.3333333333
11.6750000018,23.3333333333
12.6000000018,23.3333333333
14.4750000018,23.3333333333
9.77500000297,28.3333333333
11.250000003,28.3333333333
12.625000003,28.3333333333
13.650000003,28.3333333333
15.175000003,28.3333333333
10.5000000042,33.3333333333
11.6500000042,33.3333333333
12.5750000042,33.3333333333
13.5500000042,33.3333333333
14.3750000042,33.3333333333
10.4000000052,38.3333333333
12.1750000052,38.3333333333
13.5750000052,38.3333333333
14.4750000051,38.3333333333
15.5500000051,38.3333333333
10.0500000004,43.3333333333
11.6500000003,43.3333333333
12.9250000003,43.3333333333
14.5000000003,43.3333333333
15.5750000003,43.3333333333
16.6500000003,43.3333333333
9.74999999553,48.3333333333
11.8499999955,48.3333333333
13.5499999955,48.3333333333
14.7749999955,48.3333333333
16.3999999954,48.3333333333
17.7249999954,48.3333333333
9.89999999068,53.3333333333
11.3249999907,53.3333333333
12.7499999906,53.3333333333
14.6499999906,53.3333333333
9.57499998584,58.3333333333
11.0999999858,58.3333333333
13.9499999858,58.3333333333
9.69999998099,63.3333333333
11.349999981,63.3333333333
12.8749999809,63.3333333333
14.5249999809,63.3333333333
9.62499997614,68.3333333333
11.0999999761,68.3333333333
12.3749999761,68.3333333333
13.7999999761,68.3333333333
15.3749999761,68.3333333333
9.4749999713,73.3333333333
10.8249999713,73.3333333333
12.7249999713,73.3333333333
14.0749999712,73.3333333333
15.4249999712,73.3333333333
9.57499996645,78.3333333333
11.2249999664,78.3333333333
13.8749999664,78.3333333333
15.6749999664,78.3333333333
9.69999996161,83.3333333333
11.0999999616,83.3333333333
12.3499999616,83.3333333333
13.7249999615,83.3333333333
9.79999995676,88.3333333333
11.2249999567,88.3333333333
13.3499999567,88.3333333333
15.0999999567,88.3333333333
10.4999999519,93.3333333333
11.8749999519,93.3333333333
13.6999999519,93.3333333333
15.2499999518,93.3333333333
10.7999999471,98.3333333333
12.224999947,98.3333333333
13.849999947,98.3333333333
9.54999994223,103.333333333
11.1749999422,103.333333333
12.4999999422,103.333333333
13.9499999422,103.333333333
15.4499999421,103.333333333
10.7249999374,108.333333333
11.9999999373,108.333333333
13.4749999373,108.333333333
14.5999999373,108.333333333
10.5249999325,113.333333333
11.6749999325,113.333333333
13.5999999325,113.333333333
15.0249999325,113.333333333
9.82499992768,118.333333333
11.2999999277,118.333333333
12.7249999276,118.333333333
16.6499999276,118.333333333
10.7499999228,123.333333333
12.2499999228,123.333333333
13.6749999228,123.333333333
9.549999918,128.333333333
10.749999918,128.333333333
12.8499999179,128.333333333
14.9749999179,128.333333333
9.82499992718,133.333333333
9.94999994657,138.333333333
9.99999996595,143.333333333
9.82499998533,148.333333333
9.32500000468,153.333333333
10.4250000047,153.333333333
9.57500002408,158.333333333
9.45000004345,163.333333333
9.52500006284,168.333333333
10.0250000823,173.333333333
10.0000001016,178.333333333
10.425000121,183.333333333
10.4000001404,188.333333333
10.2500001598,193.333333333
10.4750001792,198.333333333
11.050000218,208.333333333
9.4500000001,8.66666666667
10.6250000001,8.66666666667
9.47499999988,13.6666666667
10.5749999999,13.6666666667
11.8999999999,13.6666666667
9.95000000055,18.6666666667
10.8500000006,18.6666666667
11.6250000006,18.6666666667
9.65000000176,23.6666666667
10.6500000018,23.6666666667
11.7500000018,23.6666666667
12.6000000018,23.6666666667
9.72500000297,28.6666666667
11.300000003,28.6666666667
12.500000003,28.6666666667
13.500000003,28.6666666667
9.95000000418,33.6666666667
11.2750000042,33.6666666667
12.5750000042,33.6666666667
13.4750000042,33.6666666667
14.3750000042,33.6666666667
9.75000000522,38.6666666667
11.6500000052,38.6666666667
13.2500000052,38.6666666667
14.3500000052,38.6666666667
15.4750000051,38.6666666667
10.5250000004,43.6666666667
11.7500000003,43.6666666667
13.2250000003,43.6666666667
14.8000000003,43.6666666667
15.9000000003,43.6666666667
9.94999999552,48.6666666667
11.5499999955,48.6666666667
13.0499999955,48.6666666667
14.8999999955,48.6666666667
16.4249999954,48.6666666667
9.97499999068,53.6666666667
11.7999999907,53.6666666667
13.3749999906,53.6666666667
14.6749999906,53.6666666667
16.6749999906,53.6666666667
9.59999998584,58.6666666667
11.0749999858,58.6666666667
12.8249999858,58.6666666667
14.3499999858,58.6666666667
10.499999981,63.6666666667
11.899999981,63.6666666667
13.2499999809,63.6666666667
15.5249999809,63.6666666667
10.7249999761,68.6666666667
12.1499999761,68.6666666667
14.4249999761,68.6666666667
9.7749999713,73.6666666667
12.0999999713,73.6666666667
14.1499999712,73.6666666667
10.0999999664,78.6666666667
11.7499999664,78.6666666667
13.4249999664,78.6666666667
14.9499999664,78.6666666667
10.2249999616,83.6666666667
11.8749999616,83.6666666667
13.8999999615,83.6666666667
9.84999995676,88.6666666667
11.2749999567,88.6666666667
12.7999999567,88.6666666667
14.3499999567,88.6666666667
9.74999995191,93.6666666667
11.8999999519,93.6666666667
13.5499999519,93.6666666667
10.5999999471,98.6666666667
11.924999947,98.6666666667
13.249999947,98.6666666667
10.8249999422,103.666666667
13.1999999422,103.666666667
15.0499999421,103.666666667
10.2499999374,108.666666667
11.5249999374,108.666666667
12.8749999373,108.666666667
15.1499999373,108.666666667
9.79999993253,113.666666667
11.4499999325,113.666666667
12.7999999325,113.666666667
14.5249999325,113.666666667
9.89999992768,118.666666667
11.4999999277,118.666666667
13.0749999276,118.666666667
14.4999999276,118.666666667
10.2499999228,123.666666667
11.9999999228,123.666666667
13.9499999228,123.666666667
9.97499991799,128.666666667
11.949999918,128.666666667
13.7499999179,128.666666667
9.77499992717,133.666666667
9.87499994656,138.666666667
8.94999996589,143.666666667
9.97499996595,143.666666667
9.65000002408,158.666666667
9.60000004346,163.666666667
10.0500000629,168.666666667
10.1000000823,173.666666667
10.1500001016,178.666666667
10.225000121,183.666666667
10.2000001404,188.666666667
10.5750001598,193.666666667
11.6000001793,198.666666667
10.5000001986,203.666666667
10.975000218,208.666666667
11.6500002374,213.666666667
9.3500000001,9.0
10.3750000001,9.0
9.32499999988,14.0
10.2499999999,14.0
11.3249999999,14.0
9.50000000055,19.0
10.6500000006,19.0
11.6250000006,19.0
13.0250000006,19.0
10.5000000018,24.0
11.6500000018,24.0
12.6250000018,24.0
14.0000000018,24.0
10.625000003,29.0
11.800000003,29.0
12.675000003,29.0
13.625000003,29.0
10.3000000042,34.0
11.6000000042,34.0
12.6750000042,34.0
13.5750000042,34.0
14.5500000042,34.0
10.2250000052,39.0
12.8250000052,39.0
13.9000000052,39.0
14.7750000051,39.0
15.8000000051,39.0
10.4750000004,44.0
11.8500000003,44.0
14.0000000003,44.0
15.2000000003,44.0
16.3250000003,44.0
9.99999999552,49.0
11.6999999955,49.0
13.2999999955,49.0
14.9499999955,49.0
16.5999999954,49.0
9.67499999068,54.0
10.8249999907,54.0
12.5999999906,54.0
14.2499999906,54.0
16.8999999906,54.0
9.59999998584,59.0
11.4749999858,59.0
13.0249999858,59.0
15.1249999858,59.0
10.399999981,64.0
11.474999981,64.0
12.9999999809,64.0
15.2499999809,64.0
10.7999999761,69.0
12.0749999761,69.0
13.4749999761,69.0
15.2749999761,69.0
10.0499999713,74.0
11.8499999713,74.0
13.7499999712,74.0
16.5749999712,74.0
9.92499996645,79.0
11.3749999664,79.0
12.7499999664,79.0
14.4999999664,79.0
9.9249999616,84.0
11.5249999616,84.0
13.1999999616,84.0
10.0999999568,89.0
12.0999999567,89.0
14.0499999567,89.0
9.94999995191,94.0
11.5749999519,94.0
12.9999999519,94.0
14.5749999518,94.0
10.4999999471,99.0
11.774999947,99.0
13.249999947,99.0
14.624999947,99.0
9.92499994222,104.0
11.4249999422,104.0
12.9249999422,104.0
15.6999999421,104.0
10.0999999374,109.0
11.4749999374,109.0
13.7249999373,109.0
15.4749999373,109.0
10.1249999325,114.0
11.3999999325,114.0
12.6249999325,114.0
14.6249999325,114.0
10.7999999277,119.0
12.1749999276,119.0
13.3999999276,119.0
9.89999992284,124.0
12.0499999228,124.0
13.3249999228,124.0
9.599999918,129.0
11.749999918,129.0
13.3749999179,129.0
14.7749999179,129.0
10.1999999466,139.0
9.92499996595,144.0
9.07499998528,149.0
10.1499999853,149.0
9.57500000469,154.0
9.47500002407,159.0
9.42500004345,164.0
9.62500006285,169.0
9.72500008224,174.0
10.1250001016,179.0
10.450000121,184.0
10.3250001404,189.0
10.7250001598,194.0
10.3250001792,199.0
11.6000002568,219.0
9.3750000001,9.33333333333
10.4750000001,9.33333333333
9.44999999988,14.3333333333
10.5749999999,14.3333333333
11.7999999999,14.3333333333
9.45000000055,19.3333333333
10.6500000006,19.3333333333
11.6500000006,19.3333333333
13.2250000006,19.3333333333
9.92500000176,24.3333333333
10.9250000018,24.3333333333
11.7750000018,24.3333333333
12.5500000018,24.3333333333
10.350000003,29.3333333333
11.450000003,29.3333333333
12.675000003,29.3333333333
13.525000003,29.3333333333
9.50000000418,34.3333333333
10.8500000042,34.3333333333
12.6000000042,34.3333333333
13.7750000042,34.3333333333
14.5500000042,34.3333333333
10.3250000052,39.3333333333
12.0000000052,39.3333333333
13.6000000052,39.3333333333
14.4750000051,39.3333333333
15.5000000051,39.3333333333
10.3000000004,44.3333333333
11.7000000003,44.3333333333
14.1000000003,44.3333333333
15.1750000003,44.3333333333
16.3000000003,44.3333333333
10.4999999955,49.3333333333
11.8249999955,49.3333333333
14.4249999955,49.3333333333
15.5249999954,49.3333333333
17.4499999954,49.3333333333
10.2999999907,54.3333333333
11.8999999906,54.3333333333
13.7749999906,54.3333333333
15.4999999906,54.3333333333
10.0749999858,59.3333333333
11.6249999858,59.3333333333
12.7749999858,59.3333333333
14.6749999858,59.3333333333
10.399999981,64.3333333333
11.649999981,64.3333333333
12.8249999809,64.3333333333
14.6999999809,64.3333333333
9.99999997614,69.3333333333
11.6749999761,69.3333333333
13.2499999761,69.3333333333
14.6499999761,69.3333333333
10.0749999713,74.3333333333
11.7249999713,74.3333333333
12.9749999713,74.3333333333
15.5499999712,74.3333333333
10.1749999664,79.3333333333
11.4249999664,79.3333333333
12.9249999664,79.3333333333
10.1999999616,84.3333333333
11.5749999616,84.3333333333
13.3499999616,84.3333333333
14.6249999615,84.3333333333
10.3999999568,89.3333333333
11.8499999567,89.3333333333
13.2249999567,89.3333333333
14.6499999567,89.3333333333
9.57499995192,94.3333333333
10.9499999519,94.3333333333
12.8999999519,94.3333333333
14.2999999518,94.3333333333
9.97499994707,99.3333333333
11.224999947,99.3333333333
13.099999947,99.3333333333
10.5999999422,104.333333333
11.9749999422,104.333333333
13.6749999422,104.333333333
15.2499999421,104.333333333
9.84999993738,109.333333333
11.8249999373,109.333333333
13.2499999373,109.333333333
14.8499999373,109.333333333
9.74999993253,114.333333333
11.8499999325,114.333333333
13.3749999325,114.333333333
14.8499999325,114.333333333
9.79999992768,119.333333333
11.5749999277,119.333333333
12.6999999276,119.333333333
15.2499999276,119.333333333
9.62499992284,124.333333333
10.9999999228,124.333333333
12.3249999228,124.333333333
13.4749999228,124.333333333
9.77499991799,129.333333333
11.499999918,129.333333333
13.8249999179,129.333333333
15.7249999179,129.333333333
9.97499992718,134.333333333
9.82499994656,139.333333333
9.84999996594,144.333333333
9.84999998533,149.333333333
9.40000000468,154.333333333
10.4750000047,154.333333333
9.30000002406,159.333333333
9.67500004347,164.333333333
9.60000006284,169.333333333
9.95000008225,174.333333333
9.80000010162,179.333333333
10.225000121,184.333333333
10.2250001404,189.333333333
10.3500001598,194.333333333
10.3250001792,199.333333333
10.9500001986,204.333333333
11.075000218,209.333333333
9.3250000001,9.66666666667
10.4000000001,9.66666666667
9.54999999988,14.6666666667
10.4749999999,14.6666666667
11.8249999999,14.6666666667
9.80000000055,19.6666666667
10.6250000006,19.6666666667
11.5250000006,19.6666666667
12.9000000006,19.6666666667
9.65000000176,24.6666666667
10.7750000018,24.6666666667
11.6000000018,24.6666666667
12.5500000018,24.6666666667
9.62500000297,29.6666666667
11.625000003,29.6666666667
12.450000003,29.6666666667
13.575000003,29.6666666667
10.5250000042,34.6666666667
11.7000000042,34.6666666667
12.6750000042,34.6666666667
13.7000000042,34.6666666667
14.5500000042,34.6666666667
9.57500000522,39.6666666667
11.2000000052,39.6666666667
12.6500000052,39.6666666667
13.9500000052,39.6666666667
14.9250000051,39.6666666667
15.9000000051,39.6666666667
9.50000000038,44.6666666667
10.8250000004,44.6666666667
12.8250000003,44.6666666667
14.6250000003,44.6666666667
15.5750000003,44.6666666667
16.9500000003,44.6666666667
9.62499999553,49.6666666667
11.2999999955,49.6666666667
12.7499999955,49.6666666667
14.9749999954,49.6666666667
9.79999999068,54.6666666667
11.5249999907,54.6666666667
12.7499999906,54.6666666667
15.0749999906,54.6666666667
9.87499998583,59.6666666667
11.1499999858,59.6666666667
12.5499999858,59.6666666667
15.0249999858,59.6666666667
9.62499998099,64.6666666667
11.149999981,64.6666666667
12.374999981,64.6666666667
13.7749999809,64.6666666667
15.5249999809,64.6666666667
9.77499997614,69.6666666667
11.3749999761,69.6666666667
12.6999999761,69.6666666667
14.3499999761,69.6666666667
10.1999999713,74.6666666667
11.6749999713,74.6666666667
13.1499999712,74.6666666667
15.7499999712,74.6666666667
9.82499996645,79.6666666667
11.6999999664,79.6666666667
13.1749999664,79.6666666667
14.6249999664,79.6666666667
10.1749999616,84.6666666667
11.5249999616,84.6666666667
12.8499999616,84.6666666667
14.6499999615,84.6666666667
9.67499995676,89.6666666667
11.1999999567,89.6666666667
12.9999999567,89.6666666667
15.1749999567,89.6666666667
9.64999995192,94.6666666667
11.4999999519,94.6666666667
13.2749999519,94.6666666667
15.6499999518,94.6666666667
9.62499994707,99.6666666667
10.7249999471,99.6666666667
12.574999947,99.6666666667
14.074999947,99.6666666667
15.699999947,99.6666666667
9.72499994222,104.666666667
11.1499999422,104.666666667
12.6249999422,104.666666667
14.4749999422,104.666666667
10.8249999374,109.666666667
12.1499999373,109.666666667
13.5249999373,109.666666667
15.3999999373,109.666666667
10.0999999325,114.666666667
11.7249999325,114.666666667
13.3999999325,114.666666667
14.9999999325,114.666666667
9.82499992768,119.666666667
11.4499999277,119.666666667
13.0499999276,119.666666667
15.2249999276,119.666666667
9.74999992284,124.666666667
11.7249999228,124.666666667
13.1249999228,124.666666667
15.1999999228,124.666666667
10.124999918,129.666666667
11.349999918,129.666666667
13.6499999179,129.666666667
15.2249999179,129.666666667
9.84999992718,134.666666667
10.1749999466,139.666666667
9.0749999659,144.666666667
9.25000000467,154.666666667
9.52500002407,159.666666667
9.72500004347,164.666666667
9.70000006285,169.666666667
9.67500008223,174.666666667
10.1500001016,179.666666667
10.125000121,184.666666667
10.2750001404,189.666666667
10.5750001598,194.666666667
10.6000001792,199.666666667
11.0500001986,204.666666667
11.5000002374,214.666666667
